public/assets/IMPACTS_MetNav_ER2_20230302_R0.ict
57,1001
Project Office
National Suborbital Research Center [Bay Area Environmental Research Institute @ NASA Ames Research Center]
N806NA Meteorological and Navigation Parameters
IMPACTS
1,1
2023,01,05,2023,06,30
1
Time_Start, seconds
25
1,1,1,1,1,1,1,1,1,1,1,1,1,1,1,1,1,1,1,1,1,1,1,1,1
-9999,-9999,-9999,-9999,-9999,-9999,-9999,-9999,-9999,-9999,-9999,-9999,-9999,-9999,-9999,-9999,-9999,-9999,-9999,-9999,-9999,-9999,-9999,-9999,-9999
Day_Of_Year, day of year beginning Jan 1 
Latitude, deg
Longitude, deg
GPS_Altitude, m
Pressure_Altitude, feet
Ground_Speed, m/s
True_Air_Speed, kts
Mach_Number, mach
Vertical_Speed, m/s
True_Heading, deg (0-360, cw from +y)
Track_Angle, deg (0-360, cw from +y)
Drift_Angle, deg (+-180)
Pitch_Angle, deg (+-180, up+)
Roll_Angle, deg (+-180, rt+)
Static_Air_Temp, deg C
Potential_Temp, Kelvin
Total_Air_Temp, deg C
Static_Pressure, hPa
Cabin_Pressure, hPa
Wind_Speed, m/s
Wind_Direction, deg
Solar_Zenith_Angle, deg
Aircraft_Sun_Elevation, deg (+-180)
Sun_Azimuth, deg (+-180)
Aircraft_Sun_Azimuth, deg
0
18
PI_CONTACT_INFO: NSRC MetNav PI - Ryan Bennett - joseph.r.bennett@nasa.gov & r.bennett@baeri.org.
Platform: NASA ER-2 N806NA
LOCATION: Included in data records
ASSOCIATED_DATA: This flight represents IMPACTS transit flight from Dobbins Air Reserve Base, GA to Palmdale, CA. For more information about the IMPACTS project please visit https://espo.nasa.gov/impacts/content/IMPACTS.
INSTRUMENT_INFO: https://www.nasa.gov/centers/dryden/pdf/90464main_ER2handbook.pdf
DATA_INFO: For platform information, please visit: https://www.nasa.gov/centers/dryden/pdf/90464main_ER2handbook.pdf
UNCERTAINTY: https://www.nasa.gov/centers/dryden/pdf/90464main_ER2handbook.pdf
ULOD_FLAG: -7777
ULOD_VALUE: N/A
LLOD_FLAG: -8888
LLOD_VALUE: N/A;
DM_CONTACT_INFO: Ryan Bennett - joseph.r.bennett@nasa.gov & r.bennett@baeri.org.
PROJECT_INFO: N/A
STIPULATIONS_ON_USE: Data users are strongly encouraged to contact the instrument PI/data manager for information on instrument caveats and best practices. Otherwise, IMPACTS data management protocols apply.
OTHER_COMMENTS: Position and attitude data from LTN-92
REVISION: R0
R0: Preliminary public MetNav submission, please contact the PI and data manager for instructions on use or clarification. 
Time_Start,Day_Of_Year,Latitude,Longitude,GPS_Altitude,Pressure_Altitude,Ground_Speed,True_Air_Speed,Mach_Number,Vertical_Speed,True_Heading,Track_Angle,Drift_Angle,Pitch_Angle,Roll_Angle,Static_Air_Temp,Potential_Temp,Total_Air_Temp,Static_Pressure,Cabin_Pressure,Wind_Speed,Wind_Direction,Solar_Zenith_Angle,Aircraft_Sun_Elevation,Sun_Azimuth,Aircraft_Sun_Azimuth
[from data line 9197]
52400,61,36.2667478,-102.1715317,20394.0,66947,200.25,396.33,0.705,-0.6,267.79,266.91,-1.0,-0.38,-0.19,-64.70,487.27,-43.97,51.35,297.0,4.8,307.9,76.3,13.6,109.7,-157.9
52401,61,36.2666512,-102.1737527,20393.0,66945,200.25,396.55,0.706,-0.6,267.79,266.91,-1.0,-0.40,-0.24,-64.86,486.90,-44.13,51.35,297.3,4.9,307.1,76.3,13.6,109.8,-157.9
52402,61,36.2665539,-102.1759703,20393.0,66945,200.31,396.67,0.706,-0.6,267.78,266.90,-1.0,-0.38,-0.24,-64.83,486.97,-44.08,51.35,298.9,4.9,306.9,76.3,13.7,109.8,-157.9
52403,61,36.2664575,-102.1781895,20392.0,66942,200.31,396.75,0.706,-0.6,267.75,266.91,-1.0,-0.36,-0.19,-64.61,487.45,-43.82,51.37,297.9,4.8,305.5,76.3,13.7,109.8,-157.8
52404,61,36.2663581,-102.1804085,20391.0,66940,200.38,397.01,0.706,-0.7,267.73,266.90,-1.0,-0.34,-0.17,-64.90,486.77,-44.13,51.37,298.3,4.8,304.5,76.3,13.7,109.8,-157.8
52405,61,36.2662605,-102.1826284,20391.0,66932,200.38,397.01,0.706,-0.7,267.71,266.90,-1.0,-0.35,-0.18,-64.82,486.90,-44.03,51.39,298.1,4.8,304.1,76.3,13.7,109.8,-157.8
52406,61,36.2661650,-102.1848530,20390.0,66930,200.38,396.87,0.706,-0.7,267.71,266.90,-1.0,-0.36,-0.22,-64.76,487.00,-43.98,51.41,298.0,4.8,304.4,76.3,13.7,109.8,-157.8
52407,61,36.2660699,-102.1870752,20390.0,66927,200.44,396.95,0.706,-0.6,267.73,266.90,-1.0,-0.37,-0.23,-65.05,486.33,-44.29,51.41,297.5,4.8,305.3,76.3,13.7,109.8,-157.8
52408,61,36.2659701,-102.1892924,20389.0,66932,200.44,397.61,0.707,-0.6,267.73,266.89,-1.0,-0.38,-0.18,-64.86,486.80,-44.03,51.39,297.4,5.1,303.2,76.3,13.6,109.8,-157.8
52409,61,36.2658713,-102.1915101,20389.0,66932,200.44,398.26,0.709,-0.6,267.73,266.89,-1.0,-0.36,-0.12,-64.96,486.58,-44.03,51.39,297.8,5.3,301.1,76.3,13.6,109.8,-157.8
52410,61,36.2657729,-102.1937300,20388.0,66925,200.50,398.39,0.709,-0.5,267.70,266.89,-0.9,-0.25,-0.12,-64.97,486.51,-44.03,51.41,297.4,5.3,300.4,76.3,13.7,109.8,-157.8
52411,61,36.2656731,-102.1959515,20388.0,66922,200.50,398.47,0.709,-0.5,267.69,266.89,-0.9,-0.15,-0.25,-64.97,486.46,-44.03,51.42,297.9,5.3,299.4,76.3,13.9,109.8,-157.8
52412,61,36.2655755,-102.1981726,20388.0,66922,200.50,398.34,0.709,-0.4,267.67,266.89,-0.9,-0.12,-0.31,-64.96,486.48,-44.03,51.42,297.6,5.2,299.3,76.3,13.9,109.8,-157.8
52413,61,36.2654767,-102.2003941,20388.0,66920,200.50,398.08,0.709,-0.1,267.63,266.89,-0.9,0.08,-0.17,-64.98,486.44,-44.08,51.42,297.0,5.0,298.5,76.3,13.9,109.8,-157.7
52414,61,36.2653786,-102.2026161,20389.0,66922,200.44,397.94,0.709,0.1,267.59,266.89,-0.8,0.08,-0.13,-64.98,486.44,-44.08,51.42,297.8,5.0,297.6,76.3,13.9,109.8,-157.6
52415,61,36.2652793,-102.2048359,20389.0,66925,200.44,397.90,0.708,0.3,267.59,266.89,-0.8,0.05,-0.19,-65.09,486.23,-44.24,51.41,297.4,4.9,297.5,76.3,14.0,109.8,-157.6
52416,61,36.2651820,-102.2070552,20389.0,66927,200.38,397.41,0.708,0.4,267.59,266.88,-0.8,0.02,-0.21,-64.93,486.60,-44.08,51.41,298.0,4.8,299.1,76.3,14.0,109.8,-157.6
52417,61,36.2650831,-102.2092725,20390.0,66930,200.38,397.62,0.708,0.5,267.59,266.89,-0.8,0.01,-0.18,-64.88,486.71,-44.03,51.41,297.3,4.9,298.0,76.3,14.0,109.8,-157.6
52418,61,36.2649847,-102.2114906,20391.0,66932,200.31,397.78,0.708,0.5,267.57,266.88,-0.8,0.01,-0.14,-64.89,486.74,-44.03,51.39,297.8,5.0,296.5,76.3,14.0,109.8,-157.6
52419,61,36.2648880,-102.2137079,20391.0,66935,200.25,397.64,0.708,0.6,267.54,266.88,-0.8,0.0,-0.16,-64.70,487.20,-43.82,51.39,297.8,4.9,295.8,76.3,14.0,109.8,-157.6
52420,61,36.2647907,-102.2159224,20392.0,66932,200.25,397.45,0.708,0.6,267.53,266.88,-0.8,0.01,-0.21,-64.89,486.74,-44.03,51.39,296.9,4.8,295.7,76.3,14.0,109.8,-157.6
52421,61,36.2646933,-102.2181374,20393.0,66935,200.18,397.37,0.707,0.7,267.52,266.88,-0.8,0.04,-0.23,-64.90,486.71,-44.07,51.39,297.3,4.8,295.1,76.3,14.1,109.8,-157.6
52422,61,36.2645939,-102.2203546,20394.0,66945,200.12,397.06,0.706,0.8,267.51,266.88,-0.8,0.05,-0.24,-64.87,486.84,-44.08,51.37,297.8,4.7,295.5,76.3,14.1,109.8,-157.6
52423,61,36.2644943,-102.2225735,20395.0,66947,200.12,396.86,0.706,0.9,267.50,266.87,-0.8,0.01,-0.23,-64.86,486.90,-44.08,51.35,297.6,4.6,295.6,76.3,14.0,109.8,-157.5
52424,61,36.2643947,-102.2247891,20396.0,66950,200.05,396.55,0.706,0.9,267.47,266.87,-0.7,0.04,-0.21,-65.02,486.52,-44.29,51.35,297.4,4.5,295.1,76.3,14.0,109.8,-157.5
52425,61,36.2642965,-102.2270045,20397.0,66952,199.99,396.59,0.706,0.9,267.43,266.87,-0.7,0.08,-0.19,-64.82,487.03,-44.08,51.34,297.1,4.5,293.5,76.3,14.0,109.8,-157.5
52426,61,36.2641983,-102.2292187,20398.0,66955,199.99,396.55,0.706,0.9,267.42,266.86,-0.7,-0.10,-0.16,-64.83,487.02,-44.08,51.34,297.6,4.5,293.4,76.3,13.9,109.8,-157.5
52427,61,36.2641000,-102.2314319,20398.0,66960,199.99,396.70,0.706,0.8,267.42,266.86,-0.7,-0.11,-0.15,-64.84,487.03,-44.08,51.32,298.1,4.5,292.9,76.3,13.9,109.8,-157.5
52428,61,36.2640011,-102.2336471,20399.0,66962,199.93,396.73,0.706,0.7,267.40,266.86,-0.7,0.09,-0.13,-64.80,487.12,-44.04,51.32,297.6,4.6,291.8,76.3,13.9,109.8,-157.4
52429,61,36.2639044,-102.2358634,20399.0,66962,199.93,396.83,0.706,0.6,267.37,266.86,-0.6,0.08,-0.14,-64.56,487.69,-43.77,51.32,297.5,4.6,290.2,76.3,13.9,109.8,-157.4
52430,61,36.2638044,-102.2380776,20400.0,66967,199.93,396.87,0.706,0.5,267.36,266.86,-0.6,0.08,-0.19,-64.54,487.79,-43.72,51.30,297.3,4.6,289.7,76.3,14.0,109.8,-157.4
52431,61,36.2637055,-102.2402907,20401.0,66965,199.86,396.81,0.706,0.5,267.36,266.86,-0.6,0.07,-0.24,-64.82,487.10,-44.03,51.32,297.6,4.6,289.5,76.3,14.0,109.8,-157.4
52432,61,36.2636042,-102.2425055,20401.0,66967,199.86,396.92,0.706,0.4,267.39,266.86,-0.7,0.06,-0.22,-64.80,487.17,-44.03,51.30,297.1,4.7,290.1,76.3,14.0,109.8,-157.4
52433,61,36.2635059,-102.2447178,20402.0,66970,199.80,396.78,0.706,0.4,267.41,266.86,-0.7,0.09,-0.19,-64.86,487.03,-44.08,51.30,297.0,4.7,291.3,76.3,14.0,109.8,-157.4
52434,61,36.2634074,-102.2469298,20402.0,66970,199.80,396.66,0.706,0.4,267.41,266.85,-0.7,-0.12,-0.17,-65.08,486.52,-44.34,51.30,297.8,4.7,292.0,76.3,13.9,109.8,-157.4
52435,61,36.2633085,-102.2491425,20403.0,66970,199.73,396.97,0.706,0.4,267.42,266.86,-0.7,-0.13,-0.18,-64.89,486.96,-44.13,51.30,297.8,4.9,290.9,76.3,13.9,109.8,-157.4
52436,61,36.2632095,-102.2513533,20403.0,66972,199.73,396.75,0.706,0.4,267.45,266.85,-0.7,-0.14,-0.21,-64.89,487.02,-44.13,51.29,297.1,4.9,292.9,76.3,13.9,109.8,-157.5
52437,61,36.2631104,-102.2535684,20403.0,66972,199.73,396.58,0.706,0.4,267.48,266.85,-0.8,-0.14,-0.23,-64.83,487.16,-44.08,51.29,297.8,4.8,294.4,76.3,13.9,109.8,-157.5
52438,61,36.2630112,-102.2557807,20403.0,66977,199.73,396.53,0.706,0.4,267.50,266.85,-0.8,-0.14,-0.21,-65.06,486.61,-44.34,51.29,297.8,4.8,295.4,76.2,13.9,109.8,-157.5
52439,61,36.2629130,-102.2579953,20403.0,66977,199.67,396.39,0.706,0.3,267.48,266.85,-0.8,-0.13,-0.18,-64.63,487.62,-43.86,51.29,297.3,4.8,295.0,76.2,13.9,109.8,-157.5
52440,61,36.2628145,-102.2602066,20403.0,66982,199.67,396.67,0.706,0.3,267.49,266.85,-0.8,-0.12,-0.15,-64.88,487.10,-44.13,51.27,297.8,4.9,294.4,76.2,13.9,109.8,-157.5
52441,61,36.2627153,-102.2624184,20403.0,66980,199.67,396.26,0.705,0.3,267.51,266.84,-0.8,-0.12,-0.14,-64.86,487.10,-44.13,51.29,297.5,4.8,296.8,76.2,13.9,109.8,-157.5
52442,61,36.2626164,-102.2646283,20403.0,66980,199.67,396.45,0.706,0.2,267.52,266.84,-0.8,-0.13,-0.12,-64.72,487.46,-43.97,51.27,297.1,4.9,296.2,76.2,13.9,109.8,-157.5
52443,61,36.2625179,-102.2668395,20404.0,66980,199.67,396.55,0.706,0.2,267.50,266.84,-0.8,-0.13,-0.13,-64.67,487.57,-43.92,51.27,297.5,4.9,295.4,76.2,13.9,109.8,-157.5
52444,61,36.2624197,-102.2690498,20404.0,66980,199.60,396.36,0.705,0.2,267.47,266.84,-0.7,-0.14,-0.24,-64.70,487.51,-43.97,51.27,297.4,4.8,294.3,76.2,13.9,109.8,-157.5
52445,61,36.2623201,-102.2712603,20404.0,66980,199.60,396.31,0.705,0.2,267.46,266.84,-0.8,-0.12,-0.31,-64.89,487.05,-44.18,51.27,296.5,4.8,294.2,76.2,14.0,109.8,-157.5
52446,61,36.2622214,-102.2734711,20404.0,66975,199.60,396.26,0.705,0.1,267.47,266.84,-0.8,-0.10,-0.23,-64.84,487.13,-44.13,51.29,297.4,4.8,294.8,76.2,14.0,109.8,-157.5
52447,61,36.2621212,-102.2756804,20404.0,66977,199.60,396.12,0.705,0.1,267.49,266.84,-0.8,-0.12,-0.12,-64.88,487.05,-44.18,51.29,298.1,4.8,296.0,76.2,13.9,109.8,-157.5
52448,61,36.2620217,-102.2778910,20404.0,66980,199.60,396.14,0.705,0.1,267.51,266.82,-0.8,-0.18,-0.10,-64.93,486.98,-44.23,51.27,297.3,4.8,297.2,76.2,13.9,109.8,-157.5
52449,61,36.2619211,-102.2801018,20405.0,66980,199.60,396.14,0.705,0.2,267.53,266.82,-0.8,-0.22,-0.14,-65.01,486.78,-44.32,51.27,297.8,4.9,298.0,76.2,13.8,109.8,-157.5
52450,61,36.2618210,-102.2823132,20405.0,66985,199.54,396.40,0.706,0.3,267.55,266.82,-0.9,-0.24,-0.17,-64.91,487.02,-44.18,51.27,297.5,5.1,297.4,76.2,13.8,109.8,-157.6
52451,61,36.2617215,-102.2845253,20405.0,66982,199.54,396.55,0.706,0.3,267.57,266.83,-0.9,-0.23,-0.18,-64.96,486.89,-44.22,51.27,296.4,5.2,297.5,76.2,13.8,109.8,-157.6
52452,61,36.2616237,-102.2867389,20405.0,66985,199.54,396.59,0.706,0.2,267.60,266.83,-0.9,-0.20,-0.18,-64.97,486.88,-44.23,51.27,297.3,5.2,298.3,76.2,13.9,109.8,-157.6
52453,61,36.2615238,-102.2889497,20405.0,66985,199.60,396.40,0.706,0.2,267.62,266.83,-0.9,-0.21,-0.18,-64.95,486.92,-44.22,51.27,297.4,5.1,300.0,76.2,13.9,109.8,-157.6
52454,61,36.2614232,-102.2911598,20406.0,66987,199.54,396.25,0.705,0.2,267.63,266.83,-0.9,-0.20,-0.17,-65.22,486.34,-44.53,51.25,297.5,5.2,300.5,76.2,13.9,109.8,-157.6
52455,61,36.2613243,-102.2933680,20406.0,66990,199.60,396.06,0.705,0.2,267.63,266.82,-0.9,-0.18,-0.14,-65.11,486.60,-44.42,51.25,297.0,5.0,301.7,76.2,13.9,109.8,-157.6
52456,61,36.2612246,-102.2955752,20406.0,66992,199.60,396.08,0.705,0.2,267.63,266.82,-0.9,-0.18,-0.18,-65.02,486.85,-44.32,51.24,299.0,5.0,301.6,76.2,13.9,109.8,-157.6
52457,61,36.2611254,-102.2977856,20406.0,66990,199.60,396.03,0.705,0.2,267.63,266.82,-0.9,-0.19,-0.25,-65.06,486.71,-44.37,51.25,297.5,5.0,301.8,76.2,13.9,109.8,-157.7
52458,61,36.2610268,-102.2999963,20406.0,66992,199.60,396.06,0.705,0.2,267.62,266.82,-0.9,-0.17,-0.26,-65.06,486.71,-44.37,51.25,297.4,5.0,301.1,76.2,13.9,109.8,-157.6
52459,61,36.2609276,-102.3022073,20406.0,66987,199.60,395.80,0.705,0.1,267.59,266.82,-0.9,-0.17,-0.21,-65.00,486.84,-44.32,51.25,297.1,4.8,301.2,76.2,13.9,109.8,-157.6
52460,61,36.2608273,-102.3044175,20406.0,66985,199.60,395.84,0.705,0.0,267.57,266.82,-0.9,-0.19,-0.15,-64.99,486.88,-44.32,51.25,296.6,4.8,300.5,76.2,13.9,109.8,-157.6
52461,61,36.2607261,-102.3066297,20406.0,66987,199.54,395.92,0.705,0.1,267.57,266.82,-0.9,-0.22,-0.12,-64.94,486.99,-44.27,51.25,298.6,4.9,299.6,76.2,13.9,109.8,-157.6
52462,61,36.2606247,-102.3088413,20406.0,66990,199.60,395.87,0.705,0.1,267.57,266.81,-0.9,-0.23,-0.12,-65.09,486.64,-44.43,51.25,297.1,4.8,300.4,76.2,13.8,109.8,-157.6
52463,61,36.2605247,-102.3110542,20406.0,66990,199.60,395.78,0.705,0.1,267.54,266.81,-0.9,-0.23,-0.14,-64.71,487.54,-44.01,51.25,297.4,4.8,299.9,76.2,13.9,109.8,-157.5
52464,61,36.2604251,-102.3132658,20406.0,66990,199.60,395.97,0.704,0.1,267.53,266.81,-0.8,-0.24,-0.21,-64.89,487.12,-44.23,51.25,297.8,4.8,298.7,76.2,13.9,109.8,-157.5
52465,61,36.2603258,-102.3154760,20406.0,66990,199.60,395.78,0.704,0.0,267.53,266.82,-0.8,-0.24,-0.24,-64.79,487.35,-44.11,51.25,297.9,4.7,299.1,76.2,13.9,109.8,-157.5
52466,61,36.2602259,-102.3176881,20406.0,66987,199.60,395.56,0.704,0.0,267.54,266.82,-0.9,-0.24,-0.23,-64.68,487.60,-44.01,51.25,297.3,4.6,300.2,76.2,13.9,109.8,-157.6
52467,61,36.2601258,-102.3198972,20406.0,66990,199.60,395.47,0.704,0.0,267.54,266.81,-0.9,-0.24,-0.20,-64.71,487.53,-44.06,51.25,297.6,4.6,301.0,76.2,13.9,109.8,-157.6
52468,61,36.2600261,-102.3221075,20406.0,66985,199.67,395.37,0.704,0.0,267.55,266.81,-0.9,-0.24,-0.18,-64.99,486.83,-44.37,51.27,297.3,4.5,302.0,76.2,13.9,109.8,-157.5
52469,61,36.2599273,-102.3243188,20406.0,66990,199.67,395.39,0.704,0.0,267.56,266.81,-0.9,-0.26,-0.15,-64.95,486.97,-44.33,51.25,298.0,4.6,302.3,76.2,13.8,109.8,-157.5
52470,61,36.2598275,-102.3265296,20406.0,66990,199.67,395.25,0.704,0.0,267.56,266.80,-0.9,-0.28,-0.15,-64.95,486.98,-44.32,51.25,298.1,4.5,303.0,76.2,13.8,109.8,-157.5
52471,61,36.2597283,-102.3287426,20406.0,66992,199.67,395.34,0.704,0.0,267.56,266.81,-0.9,-0.30,-0.18,-64.94,487.04,-44.32,51.24,297.1,4.5,302.5,76.2,13.8,109.8,-157.6
52472,61,36.2596281,-102.3309554,20406.0,66992,199.73,395.48,0.704,-0.1,267.55,266.80,-0.9,-0.32,-0.20,-65.14,486.56,-44.53,51.24,296.9,4.6,302.4,76.2,13.8,109.8,-157.6
52473,61,36.2595287,-102.3331701,20406.0,66992,199.73,395.20,0.704,-0.1,267.53,266.81,-0.9,-0.31,-0.24,-64.95,486.98,-44.32,51.25,297.3,4.4,302.7,76.2,13.8,109.8,-157.5
52474,61,36.2594280,-102.3353833,20406.0,66985,199.73,395.34,0.704,-0.2,267.52,266.81,-0.8,-0.29,-0.24,-65.03,486.73,-44.42,51.27,297.1,4.4,301.5,76.2,13.8,109.8,-157.5
52475,61,36.2593276,-102.3375964,20406.0,66987,199.80,395.08,0.703,-0.3,267.51,266.80,-0.8,-0.28,-0.22,-64.93,487.01,-44.32,51.25,297.1,4.3,303.0,76.2,13.9,109.8,-157.5
52476,61,36.2592261,-102.3398095,20405.0,66985,199.80,395.11,0.703,-0.3,267.50,266.80,-0.8,-0.29,-0.18,-64.98,486.91,-44.37,51.25,297.3,4.2,302.3,76.2,13.8,109.8,-157.5
52477,61,36.2591241,-102.3420227,20405.0,66985,199.80,395.11,0.703,-0.3,267.48,266.79,-0.8,-0.31,-0.18,-64.91,487.01,-44.32,51.27,297.1,4.2,302.2,76.2,13.8,109.8,-157.5
52478,61,36.2590218,-102.3442358,20405.0,66982,199.86,395.06,0.703,-0.3,267.47,266.79,-0.8,-0.31,-0.21,-64.91,487.01,-44.32,51.27,297.1,4.1,302.5,76.2,13.8,109.8,-157.5
52479,61,36.2589216,-102.3464502,20404.0,66982,199.86,395.03,0.703,-0.3,267.46,266.79,-0.8,-0.31,-0.21,-64.96,486.91,-44.37,51.27,296.8,4.1,302.2,76.2,13.8,109.8,-157.5
52480,61,36.2588220,-102.3486653,20404.0,66980,199.93,394.89,0.703,-0.4,267.46,266.79,-0.8,-0.33,-0.20,-64.95,486.92,-44.37,51.27,297.9,4.0,303.1,76.2,13.8,109.8,-157.4
52481,61,36.2587203,-102.3508784,20404.0,66980,199.93,395.11,0.703,-0.4,267.45,266.79,-0.8,-0.35,-0.20,-65.18,486.38,-44.63,51.27,297.8,4.1,302.2,76.2,13.8,109.9,-157.5
52482,61,36.2586194,-102.3530931,20403.0,66980,199.93,394.94,0.703,-0.4,267.47,266.79,-0.8,-0.37,-0.20,-64.90,487.04,-44.32,51.27,297.3,4.0,303.6,76.2,13.8,109.9,-157.5
52483,61,36.2585195,-102.3553087,20402.0,66980,199.99,394.75,0.703,-0.4,267.48,266.78,-0.8,-0.40,-0.20,-64.94,486.94,-44.37,51.27,298.1,4.0,305.8,76.2,13.8,109.9,-157.5
52484,61,36.2584181,-102.3575252,20401.0,66975,200.05,394.87,0.703,-0.5,267.51,266.78,-0.9,-0.42,-0.18,-64.93,486.92,-44.37,51.29,296.6,4.0,306.7,76.2,13.7,109.9,-157.5
52485,61,36.2583159,-102.3597430,20401.0,66972,200.05,395.01,0.703,-0.6,267.52,266.78,-0.9,-0.43,-0.14,-64.91,486.98,-44.32,51.29,297.6,4.1,306.7,76.2,13.7,109.9,-157.5
52486,61,36.2582139,-102.3619618,20400.0,66967,200.12,394.86,0.703,-0.6,267.51,266.78,-0.9,-0.44,-0.12,-64.70,487.43,-44.11,51.30,297.0,4.0,307.8,76.2,13.7,109.9,-157.5
52487,61,36.2581123,-102.3641812,20399.0,66967,200.18,394.86,0.703,-0.7,267.49,266.78,-0.9,-0.47,-0.14,-65.09,486.49,-44.53,51.30,297.4,3.9,307.6,76.2,13.7,109.9,-157.5
52488,61,36.2580109,-102.3664004,20399.0,66967,200.18,395.40,0.704,-0.8,267.46,266.78,-0.8,-0.51,-0.19,-64.66,487.50,-44.01,51.30,297.3,4.0,303.7,76.2,13.7,109.9,-157.5
52489,61,36.2579101,-102.3686192,20398.0,66962,200.25,395.48,0.704,-0.9,267.44,266.78,-0.8,-0.51,-0.23,-64.67,487.44,-44.01,51.32,297.9,4.0,303.0,76.2,13.7,109.9,-157.4
52490,61,36.2578088,-102.3708371,20397.0,66960,200.31,395.62,0.704,-0.9,267.45,266.78,-0.8,-0.51,-0.23,-64.92,486.85,-44.27,51.32,297.6,4.0,303.2,76.2,13.7,109.9,-157.5
52491,61,36.2577065,-102.3730567,20396.0,66950,200.38,395.51,0.704,-1.0,267.46,266.78,-0.8,-0.52,-0.20,-64.91,486.79,-44.27,51.35,297.5,3.9,304.9,76.2,13.6,109.9,-157.5
52492,61,36.2576042,-102.3752759,20395.0,66952,200.44,395.84,0.705,-1.0,267.45,266.77,-0.8,-0.54,-0.15,-64.95,486.75,-44.27,51.34,297.8,4.0,304.0,76.2,13.6,109.9,-157.4
52493,61,36.2575021,-102.3774966,20394.0,66945,200.50,395.73,0.705,-1.0,267.45,266.77,-0.8,-0.54,-0.13,-65.04,486.48,-44.37,51.35,297.3,3.9,304.9,76.2,13.6,109.9,-157.4
