public/assets/IMPACTS_MetNav_ER2_20230302_R0.ict
57,1001
Project Office
National Suborbital Research Center [Bay Area Environmental Research Institute @ NASA Ames Research Center]
N806NA Meteorological and Navigation Parameters
IMPACTS
1,1
2023,01,05,2023,06,30
1
Time_Start, seconds
25
1,1,1,1,1,1,1,1,1,1,1,1,1,1,1,1,1,1,1,1,1,1,1,1,1
-9999,-9999,-9999,-9999,-9999,-9999,-9999,-9999,-9999,-9999,-9999,-9999,-9999,-9999,-9999,-9999,-9999,-9999,-9999,-9999,-9999,-9999,-9999,-9999,-9999
Day_Of_Year, day of year beginning Jan 1 
Latitude, deg
Longitude, deg
GPS_Altitude, m
Pressure_Altitude, feet
Ground_Speed, m/s
True_Air_Speed, kts
Mach_Number, mach
Vertical_Speed, m/s
True_Heading, deg (0-360, cw from +y)
Track_Angle, deg (0-360, cw from +y)
Drift_Angle, deg (+-180)
Pitch_Angle, deg (+-180, up+)
Roll_Angle, deg (+-180, rt+)
Static_Air_Temp, deg C
Potential_Temp, Kelvin
Total_Air_Temp, deg C
Static_Pressure, hPa
Cabin_Pressure, hPa
Wind_Speed, m/s
Wind_Direction, deg
Solar_Zenith_Angle, deg
Aircraft_Sun_Elevation, deg (+-180)
Sun_Azimuth, deg (+-180)
Aircraft_Sun_Azimuth, deg
0
18
PI_CONTACT_INFO: NSRC MetNav PI - Ryan Bennett - joseph.r.bennett@nasa.gov & r.bennett@baeri.org.
Platform: NASA ER-2 N806NA
LOCATION: Included in data records
ASSOCIATED_DATA: This flight represents IMPACTS transit flight from Dobbins Air Reserve Base, GA to Palmdale, CA. For more information about the IMPACTS project please visit https://espo.nasa.gov/impacts/content/IMPACTS.
INSTRUMENT_INFO: https://www.nasa.gov/centers/dryden/pdf/90464main_ER2handbook.pdf
DATA_INFO: For platform information, please visit: https://www.nasa.gov/centers/dryden/pdf/90464main_ER2handbook.pdf
UNCERTAINTY: https://www.nasa.gov/centers/dryden/pdf/90464main_ER2handbook.pdf
ULOD_FLAG: -7777
ULOD_VALUE: N/A
LLOD_FLAG: -8888
LLOD_VALUE: N/A;
DM_CONTACT_INFO: Ryan Bennett - joseph.r.bennett@nasa.gov & r.bennett@baeri.org.
PROJECT_INFO: N/A
STIPULATIONS_ON_USE: Data users are strongly encouraged to contact the instrument PI/data manager for information on instrument caveats and best practices. Otherwise, IMPACTS data management protocols apply.
OTHER_COMMENTS: Position and attitude data from LTN-92
REVISION: R0
R0: Preliminary public MetNav submission, please contact the PI and data manager for instructions on use or clarification. 
Time_Start,Day_Of_Year,Latitude,Longitude,GPS_Altitude,Pressure_Altitude,Ground_Speed,True_Air_Speed,Mach_Number,Vertical_Speed,True_Heading,Track_Angle,Drift_Angle,Pitch_Angle,Roll_Angle,Static_Air_Temp,Potential_Temp,Total_Air_Temp,Static_Pressure,Cabin_Pressure,Wind_Speed,Wind_Direction,Solar_Zenith_Angle,Aircraft_Sun_Elevation,Sun_Azimuth,Aircraft_Sun_Azimuth
[from data line 1177]
44380,61,34.5618166,-85.2646698,15400.0,49585,157.29,365.98,0.648,4.7,287.21,295.01,7.8,1.16,0.15,-62.95,387.00,-45.30,118.34,363.9,38.8,253.9,88.9,2.5,99.5,172.5
44381,61,34.5624169,-85.2662249,15404.0,49605,157.48,365.95,0.648,4.6,287.12,295.01,7.9,1.04,0.17,-62.77,387.46,-45.09,118.22,364.0,38.8,253.3,88.9,2.4,99.5,172.6
44382,61,34.5630176,-85.2677825,15408.0,49617,157.61,366.34,0.649,4.5,287.06,295.01,8.0,0.94,0.16,-62.80,387.47,-45.10,118.13,364.2,39.0,253.1,88.9,2.3,99.5,172.6
44383,61,34.5636187,-85.2693416,15412.0,49627,157.81,366.76,0.649,4.3,287.03,295.00,8.0,0.90,0.15,-62.51,388.05,-44.75,118.08,363.8,39.1,253.0,88.9,2.2,99.5,172.6
44384,61,34.5642209,-85.2709043,15415.0,49637,157.93,367.06,0.650,3.9,287.01,295.01,8.1,0.87,0.14,-62.44,388.24,-44.65,118.03,363.8,39.2,252.9,88.9,2.2,99.5,172.7
44385,61,34.5648239,-85.2724659,15419.0,49647,158.13,367.78,0.651,3.5,287.00,295.00,8.1,0.86,0.10,-62.47,388.24,-44.60,117.96,363.7,39.4,253.0,88.9,2.2,99.5,172.7
44386,61,34.5654267,-85.2740330,15422.0,49657,158.32,368.45,0.652,3.3,286.98,295.01,8.1,0.90,0.10,-62.62,388.02,-44.71,117.91,364.2,39.5,253.0,88.9,2.2,99.5,172.7
44387,61,34.5660307,-85.2756012,15425.0,49667,158.58,368.87,0.652,3.3,287.00,295.00,8.0,0.94,0.08,-62.26,388.72,-44.31,117.86,363.7,39.5,253.0,88.9,2.3,99.5,172.7
44388,61,34.5666336,-85.2771688,15429.0,49680,158.77,369.05,0.653,3.3,287.03,294.99,8.0,0.97,0.10,-62.03,389.23,-44.04,117.78,363.8,39.3,253.0,88.9,2.3,99.5,172.6
44389,61,34.5672387,-85.2787393,15432.0,49690,158.96,369.19,0.653,3.4,287.05,294.99,8.0,1.01,0.13,-62.21,388.94,-44.21,117.73,363.4,39.2,253.0,88.9,2.4,99.5,172.6
44390,61,34.5678448,-85.2803122,15436.0,49702,159.16,369.94,0.654,3.5,287.07,294.99,7.9,1.04,0.13,-62.39,388.67,-44.37,117.66,363.3,39.3,253.2,88.9,2.4,99.5,172.6
44391,61,34.5684523,-85.2818865,15440.0,49717,159.35,370.14,0.655,3.6,287.09,294.98,7.9,1.05,0.18,-62.39,388.75,-44.32,117.58,362.4,39.2,253.2,88.9,2.4,99.5,172.6
44392,61,34.5690604,-85.2834615,15443.0,49730,159.54,370.41,0.655,3.7,287.10,294.98,7.9,1.06,0.20,-62.37,388.86,-44.27,117.51,362.0,39.2,253.2,88.9,2.4,99.5,172.6
44393,61,34.5696688,-85.2850404,15447.0,49745,159.73,370.64,0.656,3.8,287.14,294.98,7.9,1.08,0.20,-62.41,388.87,-44.27,117.42,362.4,39.1,253.2,88.9,2.4,99.5,172.5
44394,61,34.5702773,-85.2866198,15451.0,49755,159.86,370.97,0.657,3.9,287.18,294.98,7.9,1.10,0.22,-62.49,388.78,-44.32,117.36,362.4,39.0,253.4,88.9,2.5,99.5,172.5
44395,61,34.5708864,-85.2882013,15455.0,49770,160.06,371.16,0.657,4.0,287.22,294.98,7.8,1.11,0.13,-62.41,389.01,-44.22,117.27,363.4,38.9,253.5,88.9,2.5,99.5,172.5
44396,61,34.5714967,-85.2897804,15459.0,49782,160.19,371.37,0.657,4.1,287.29,294.98,7.8,1.16,0.05,-62.41,389.07,-44.22,117.20,362.9,38.8,253.7,88.9,2.5,99.5,172.4
44397,61,34.5721077,-85.2913643,15464.0,49795,160.38,371.69,0.657,4.2,287.36,295.00,7.7,1.19,0.07,-62.01,389.87,-43.77,117.14,362.3,38.7,253.9,88.9,2.5,99.5,172.3
44398,61,34.5727185,-85.2929518,15468.0,49815,160.51,372.05,0.658,4.3,287.44,294.98,7.6,1.21,0.10,-61.90,390.19,-43.63,117.02,362.3,38.6,254.3,88.9,2.6,99.5,172.3
44399,61,34.5733302,-85.2945404,15472.0,49830,160.64,372.64,0.659,4.4,287.46,294.98,7.6,1.24,0.17,-61.96,390.18,-43.64,116.92,362.4,38.7,254.5,88.9,2.6,99.5,172.2
44400,61,34.5739434,-85.2961271,15477.0,49847,160.76,373.39,0.659,4.5,287.51,294.98,7.5,1.24,0.14,-61.96,390.26,-43.59,116.83,362.7,38.8,254.9,88.9,2.6,99.5,172.2
44401,61,34.5745569,-85.2977159,15481.0,49862,160.89,373.58,0.660,4.5,287.54,294.98,7.5,1.24,0.12,-61.85,390.55,-43.45,116.75,362.7,38.7,255.0,88.9,2.6,99.5,172.2
44402,61,34.5751691,-85.2993063,15486.0,49877,161.02,373.86,0.661,4.5,287.53,294.98,7.5,1.25,0.15,-62.06,390.24,-43.64,116.66,362.0,38.8,255.0,88.9,2.6,99.5,172.2
44403,61,34.5757817,-85.3008979,15491.0,49892,161.15,373.95,0.661,4.6,287.51,294.99,7.5,1.26,0.17,-61.93,390.56,-43.48,116.58,362.0,38.8,254.7,88.9,2.6,99.5,172.2
44404,61,34.5763946,-85.3024901,15496.0,49910,161.28,374.20,0.661,4.6,287.52,294.99,7.5,1.25,0.10,-62.25,390.06,-43.81,116.47,361.6,38.8,254.8,88.9,2.6,99.5,172.2
44405,61,34.5770088,-85.3040818,15500.0,49925,161.41,374.95,0.662,4.6,287.52,295.00,7.5,1.27,0.07,-61.86,390.86,-43.33,116.39,362.0,39.0,254.9,88.9,2.6,99.5,172.2
44406,61,34.5776245,-85.3056775,15505.0,49937,161.54,375.33,0.664,4.7,287.48,295.00,7.6,1.33,0.06,-62.12,390.44,-43.54,116.32,362.7,39.1,254.8,88.9,2.7,99.5,172.2
44407,61,34.5782390,-85.3072732,15510.0,49955,161.60,375.42,0.664,4.8,287.43,295.01,7.6,1.41,0.03,-62.04,390.69,-43.44,116.24,361.8,39.2,254.5,88.9,2.8,99.5,172.3
44408,61,34.5788566,-85.3088680,15515.0,49970,161.73,375.70,0.664,5.0,287.41,295.01,7.6,1.39,0.00,-62.05,390.76,-43.44,116.14,361.6,39.3,254.4,88.9,2.8,99.5,172.3
44409,61,34.5794734,-85.3104646,15520.0,49995,161.86,376.34,0.665,5.2,287.40,295.01,7.7,1.16,0.08,-61.93,391.12,-43.23,116.00,362.0,39.5,254.5,88.9,2.5,99.5,172.3
44410,61,34.5800884,-85.3120629,15525.0,50012,161.92,377.16,0.666,5.4,287.41,295.00,7.6,0.99,0.07,-61.99,391.10,-43.25,115.90,361.8,39.8,254.8,88.9,2.4,99.6,172.3
44411,61,34.5807055,-85.3136633,15529.0,50025,161.99,377.37,0.667,5.3,287.44,294.99,7.6,0.92,0.06,-62.03,391.09,-43.24,115.83,362.5,39.7,255.0,88.9,2.3,99.6,172.3
44412,61,34.5813257,-85.3152642,15534.0,50037,162.11,378.12,0.668,4.8,287.47,294.99,7.6,0.88,0.00,-61.79,391.59,-42.94,115.76,362.5,39.9,255.3,88.9,2.3,99.6,172.2
44413,61,34.5819425,-85.3168683,15538.0,50052,162.24,378.61,0.669,4.3,287.48,294.99,7.5,0.87,0.01,-61.93,391.41,-43.05,115.68,362.8,40.0,255.5,88.9,2.2,99.6,172.2
44414,61,34.5825600,-85.3184718,15542.0,50062,162.37,378.73,0.669,4.0,287.50,294.98,7.5,0.88,0.04,-61.96,391.41,-43.05,115.63,361.9,39.9,255.5,88.8,2.3,99.6,172.2
44415,61,34.5831764,-85.3200766,15546.0,50075,162.56,379.11,0.670,3.8,287.50,294.97,7.5,0.89,0.11,-61.95,391.50,-43.00,115.56,361.0,39.9,255.5,88.8,2.3,99.6,172.2
44416,61,34.5837946,-85.3216845,15550.0,50090,162.69,379.50,0.670,3.8,287.50,294.96,7.5,0.87,0.13,-62.09,391.32,-43.12,115.48,360.9,40.0,255.6,88.8,2.3,99.6,172.2
44417,61,34.5844151,-85.3232941,15553.0,50097,162.82,379.53,0.671,3.8,287.51,294.96,7.5,0.86,0.15,-62.04,391.46,-43.04,115.43,360.8,39.8,255.5,88.8,2.3,99.6,172.2
44418,61,34.5850336,-85.3249035,15557.0,50112,163.01,379.76,0.671,3.9,287.50,294.96,7.5,0.83,0.06,-62.05,391.52,-43.04,115.34,361.5,39.8,255.4,88.8,2.2,99.6,172.2
44419,61,34.5856522,-85.3265162,15561.0,50125,163.14,379.80,0.672,4.0,287.50,294.96,7.5,0.83,0.01,-61.84,391.98,-42.78,115.27,361.3,39.7,255.3,88.8,2.2,99.6,172.2
44420,61,34.5862733,-85.3281316,15565.0,50142,163.34,381.23,0.672,4.1,287.53,294.96,7.5,0.85,0.04,-61.03,393.57,-41.88,115.19,361.0,40.2,255.8,88.8,2.2,99.6,172.2
44421,61,34.5868929,-85.3297456,15570.0,50152,163.46,381.51,0.672,4.1,287.56,294.95,7.4,0.87,0.13,-60.91,393.86,-41.72,115.12,360.9,40.1,256.0,88.8,2.3,99.6,172.2
44422,61,34.5875147,-85.3313646,15574.0,50165,163.59,381.45,0.673,4.1,287.58,294.94,7.4,0.87,0.11,-60.63,394.44,-41.41,115.05,361.9,39.9,255.9,88.8,2.3,99.6,172.2
44423,61,34.5881384,-85.3329839,15578.0,50182,163.79,382.00,0.673,4.2,287.62,294.93,7.4,0.87,0.07,-60.96,393.93,-41.71,114.95,360.9,39.9,256.1,88.8,2.3,99.6,172.1
44424,61,34.5887614,-85.3346036,15583.0,50200,163.91,382.14,0.674,4.3,287.64,294.93,7.3,0.89,0.10,-61.04,393.87,-41.76,114.87,360.4,39.9,256.2,88.8,2.3,99.6,172.1
44425,61,34.5893836,-85.3362261,15587.0,50212,164.11,382.66,0.675,4.3,287.63,294.93,7.3,0.91,0.15,-61.07,393.90,-41.76,114.78,360.8,39.9,256.2,88.8,2.3,99.6,172.1
44426,61,34.5900096,-85.3378479,15592.0,50227,164.24,382.80,0.675,4.4,287.63,294.93,7.3,0.92,0.12,-61.13,393.86,-41.81,114.70,360.5,39.9,256.1,88.8,2.3,99.6,172.1
44427,61,34.5906331,-85.3394714,15597.0,50245,164.36,383.12,0.676,4.5,287.68,294.93,7.3,0.92,0.08,-61.17,393.88,-41.81,114.61,360.1,39.9,256.3,88.8,2.3,99.6,172.1
44428,61,34.5912579,-85.3410970,15601.0,50260,164.49,383.23,0.676,4.7,287.73,294.93,7.2,0.97,0.10,-61.39,393.54,-42.02,114.53,360.8,39.7,256.5,88.8,2.4,99.6,172.0
44429,61,34.5918820,-85.3427224,15606.0,50277,164.62,383.33,0.676,4.8,287.78,294.93,7.2,1.01,0.14,-61.39,393.64,-42.02,114.44,361.4,39.6,256.6,88.8,2.4,99.6,172.0
44430,61,34.5925072,-85.3443464,15612.0,50297,164.75,383.39,0.676,4.9,287.80,294.92,7.2,1.03,0.16,-61.25,394.01,-41.86,114.32,360.4,39.4,256.6,88.8,2.5,99.6,171.9
44431,61,34.5931320,-85.3459778,15618.0,50315,164.88,383.69,0.677,5.0,287.80,294.92,7.2,1.03,0.14,-61.28,394.05,-41.86,114.22,360.1,39.5,256.6,88.8,2.5,99.6,171.9
44432,61,34.5937595,-85.3476090,15623.0,50332,165.01,383.89,0.677,5.1,287.81,294.93,7.2,1.04,0.08,-61.35,394.00,-41.91,114.14,360.0,39.5,256.6,88.8,2.5,99.6,171.9
44433,61,34.5943860,-85.3492419,15628.0,50347,165.14,384.66,0.679,5.1,287.83,294.93,7.1,1.07,0.05,-61.37,394.07,-41.86,114.04,360.3,39.7,256.9,88.8,2.5,99.6,171.9
44434,61,34.5950119,-85.3508779,15633.0,50367,165.27,384.87,0.679,5.1,287.87,294.93,7.1,1.14,0.05,-61.44,394.03,-41.91,113.94,360.1,39.6,257.0,88.8,2.6,99.6,171.9
44435,61,34.5956390,-85.3525114,15639.0,50385,165.39,384.92,0.680,5.2,287.91,294.93,7.1,1.22,0.07,-61.42,394.18,-41.86,113.83,360.4,39.4,257.1,88.8,2.6,99.6,171.8
44436,61,34.5962663,-85.3541413,15645.0,50405,165.46,385.33,0.680,5.4,287.92,294.93,7.0,1.27,0.10,-61.44,394.24,-41.85,113.73,359.2,39.5,257.2,88.8,2.7,99.6,171.8
44437,61,34.5968963,-85.3557772,15651.0,50425,165.59,385.81,0.681,5.6,287.93,294.93,7.1,1.32,0.08,-61.44,394.36,-41.81,113.61,360.4,39.6,257.3,88.8,2.8,99.6,171.8
44438,61,34.5975220,-85.3574125,15657.0,50445,165.65,386.11,0.681,5.8,287.96,294.93,7.0,1.39,0.05,-61.62,394.13,-41.97,113.51,360.3,39.7,257.5,88.8,2.8,99.6,171.8
44439,61,34.5981527,-85.3590465,15663.0,50465,165.72,386.37,0.682,6.0,288.02,294.93,6.9,1.44,0.03,-61.35,394.74,-41.66,113.39,358.9,39.6,257.8,88.8,2.9,99.6,171.7
44440,61,34.5987817,-85.3606813,15669.0,50487,165.78,386.53,0.682,6.2,288.06,294.94,6.9,1.50,0.03,-61.12,395.28,-41.40,113.27,359.4,39.6,258.0,88.8,2.9,99.6,171.7
44441,61,34.5994102,-85.3623165,15676.0,50510,165.78,386.72,0.682,6.4,288.09,294.94,6.9,1.54,0.05,-61.49,394.72,-41.78,113.16,360.3,39.6,258.2,88.8,3.0,99.6,171.7
44442,61,34.6000392,-85.3639512,15683.0,50535,165.84,386.94,0.683,6.6,288.12,294.94,6.9,1.56,0.02,-61.27,395.27,-41.51,113.02,359.0,39.6,258.3,88.8,3.0,99.6,171.6
44443,61,34.6006684,-85.3655878,15690.0,50562,165.84,387.25,0.683,6.8,288.16,294.94,6.8,1.58,0.01,-61.14,395.66,-41.35,112.87,359.2,39.7,258.6,88.8,3.0,99.6,171.6
44444,61,34.6012969,-85.3672248,15698.0,50582,165.84,387.73,0.684,7.0,288.18,294.94,6.8,1.61,0.01,-61.32,395.45,-41.51,112.75,359.4,39.9,258.9,88.8,3.0,99.6,171.6
44445,61,34.6019245,-85.3688607,15705.0,50610,165.84,388.22,0.685,7.1,288.19,294.94,6.8,1.64,0.0,-61.37,395.48,-41.51,112.61,359.0,40.1,259.1,88.8,3.1,99.6,171.6
44446,61,34.6025542,-85.3704969,15712.0,50640,165.91,388.34,0.685,7.2,288.20,294.94,6.8,1.48,0.02,-61.36,395.67,-41.47,112.45,358.1,40.1,259.1,88.8,2.9,99.6,171.6
44447,61,34.6031830,-85.3721335,15719.0,50667,165.84,388.48,0.686,7.3,288.24,294.94,6.7,1.25,0.01,-61.34,395.86,-41.42,112.29,359.0,40.1,259.4,88.8,2.7,99.6,171.5
44448,61,34.6038129,-85.3737693,15725.0,50685,165.84,389.22,0.686,7.3,288.28,294.94,6.7,1.11,0.08,-61.60,395.47,-41.68,112.21,358.6,40.4,259.8,88.8,2.6,99.6,171.5
44449,61,34.6044406,-85.3754069,15731.0,50705,165.84,389.00,0.687,6.6,288.30,294.93,6.7,0.98,0.06,-61.38,396.00,-41.41,112.09,357.9,40.2,259.9,88.8,2.4,99.6,171.5
44450,61,34.6050706,-85.3770449,15736.0,50722,165.84,389.05,0.687,5.8,288.34,294.94,6.6,0.89,0.01,-61.10,396.60,-41.10,112.00,358.2,40.2,260.0,88.8,2.3,99.6,171.4
44451,61,34.6057015,-85.3786847,15741.0,50740,165.97,389.09,0.687,5.3,288.37,294.93,6.6,0.83,0.02,-61.21,396.47,-41.20,111.92,357.6,40.1,260.1,88.8,2.3,99.6,171.4
44452,61,34.6063321,-85.3803236,15745.0,50750,166.04,389.48,0.687,4.8,288.38,294.93,6.6,0.77,0.0,-61.38,396.24,-41.37,111.85,358.4,40.2,260.2,88.8,2.2,99.6,171.4
44453,61,34.6069622,-85.3819642,15749.0,50762,166.17,389.73,0.688,4.5,288.38,294.92,6.6,0.71,0.01,-61.30,396.45,-41.25,111.78,358.0,40.2,260.2,88.8,2.2,99.6,171.4
44454,61,34.6075929,-85.3836086,15753.0,50775,166.29,390.01,0.688,4.2,288.39,294.92,6.6,0.65,0.01,-61.72,395.72,-41.68,111.73,357.6,40.2,260.3,88.8,2.1,99.6,171.4
44455,61,34.6082242,-85.3852543,15757.0,50785,166.36,390.28,0.689,4.0,288.41,294.91,6.5,0.62,0.02,-61.46,396.28,-41.37,111.67,357.6,40.2,260.5,88.8,2.1,99.6,171.4
44456,61,34.6088538,-85.3869002,15760.0,50800,166.49,390.34,0.689,3.9,288.45,294.91,6.5,0.60,0.04,-61.53,396.23,-41.42,111.58,357.6,40.0,260.5,88.8,2.1,99.6,171.3
44457,61,34.6094854,-85.3885473,15764.0,50810,166.62,390.64,0.690,3.8,288.47,294.90,6.5,0.61,0.02,-61.50,396.34,-41.36,111.53,357.2,40.0,260.7,88.8,2.1,99.6,171.3
44458,61,34.6101178,-85.3901985,15767.0,50822,166.81,391.17,0.690,3.7,288.46,294.90,6.5,0.63,0.11,-61.41,396.57,-41.22,111.46,357.2,40.1,260.7,88.8,2.1,99.6,171.3
44459,61,34.6107500,-85.3918482,15771.0,50835,166.94,391.25,0.691,3.7,288.44,294.88,6.5,0.62,0.08,-61.63,396.23,-41.43,111.40,357.9,40.0,260.5,88.8,2.1,99.6,171.3
44460,61,34.6113823,-85.3935002,15776.0,50850,167.07,391.69,0.691,3.8,288.45,294.88,6.5,0.63,0.01,-61.55,396.47,-41.32,111.31,356.7,40.1,260.6,88.8,2.1,99.6,171.3
44461,61,34.6120173,-85.3951547,15779.0,50862,167.26,392.20,0.692,3.9,288.46,294.88,6.5,0.68,0.01,-61.30,396.99,-41.01,111.26,358.0,40.2,260.7,88.8,2.2,99.6,171.3
44462,61,34.6126520,-85.3968089,15783.0,50872,167.39,392.59,0.693,3.9,288.46,294.88,6.5,0.75,0.05,-61.73,396.24,-41.43,111.21,356.7,40.2,260.7,88.8,2.2,99.6,171.3
44463,61,34.6132853,-85.3984659,15788.0,50887,167.52,392.50,0.693,4.0,288.46,294.88,6.4,0.82,0.07,-61.30,397.12,-40.95,111.12,357.9,40.1,260.6,88.8,2.3,99.6,171.3
44464,61,34.6139198,-85.4001240,15792.0,50902,167.64,392.65,0.693,4.2,288.49,294.88,6.4,0.87,0.03,-61.51,396.81,-41.17,111.04,357.0,40.0,260.7,88.8,2.4,99.6,171.3
44465,61,34.6145554,-85.4017829,15797.0,50922,167.77,393.14,0.694,4.5,288.52,294.87,6.4,0.94,0.01,-61.59,396.76,-41.22,110.94,357.2,40.1,260.9,88.7,2.4,99.6,171.3
44466,61,34.6151928,-85.4034442,15802.0,50937,167.90,393.17,0.694,4.7,288.53,294.87,6.4,1.01,0.02,-61.66,396.73,-41.27,110.85,356.8,39.9,260.9,88.7,2.5,99.6,171.3
44467,61,34.6158290,-85.4051038,15807.0,50955,167.97,393.59,0.695,4.9,288.53,294.87,6.4,1.06,0.07,-61.70,396.76,-41.27,110.75,356.6,40.1,261.0,88.7,2.5,99.6,171.3
44468,61,34.6164655,-85.4067632,15812.0,50975,168.09,393.87,0.696,5.1,288.55,294.87,6.4,1.09,0.06,-61.73,396.81,-41.27,110.65,356.6,40.1,261.0,88.7,2.6,99.6,171.2
44469,61,34.6171042,-85.4084240,15818.0,50995,168.16,394.83,0.697,5.4,288.54,294.87,6.4,1.13,0.02,-61.73,396.91,-41.17,110.55,357.1,40.5,261.3,88.7,2.6,99.6,171.2
44470,61,34.6177434,-85.4100824,15824.0,51015,168.22,395.25,0.698,5.7,288.52,294.88,6.4,1.22,0.02,-61.83,396.83,-41.24,110.45,357.9,40.7,261.3,88.7,2.7,99.6,171.3
44471,61,34.6183842,-85.4117455,15830.0,51035,168.29,395.61,0.698,6.0,288.51,294.88,6.4,1.31,0.05,-61.75,397.09,-41.12,110.35,356.1,40.8,261.3,88.7,2.8,99.6,171.3
44472,61,34.6190162,-85.4134074,15837.0,51060,168.29,395.76,0.699,6.3,288.52,294.88,6.4,1.40,0.02,-61.77,397.18,-41.12,110.21,356.3,40.9,261.4,88.7,2.9,99.6,171.3
44473,61,34.6196524,-85.4150692,15844.0,51080,168.35,395.91,0.699,6.5,288.54,294.87,6.4,1.46,0.04,-61.83,397.19,-41.17,110.09,356.3,40.8,261.5,88.7,2.9,99.6,171.3
44474,61,34.6202892,-85.4167306,15851.0,51110,168.35,396.25,0.700,6.8,288.58,294.88,6.3,1.49,0.08,-61.82,397.36,-41.12,109.94,356.3,40.9,261.7,88.7,3.0,99.6,171.2
44475,61,34.6209250,-85.4183903,15859.0,51130,168.35,396.62,0.701,7.0,288.62,294.87,6.3,1.52,0.02,-61.82,397.50,-41.07,109.82,356.0,41.0,262.1,88.7,3.0,99.6,171.2
44476,61,34.6215593,-85.4200516,15867.0,51160,168.35,396.76,0.701,7.2,288.66,294.88,6.3,1.56,0.03,-61.80,397.68,-41.02,109.67,355.2,41.0,262.3,88.7,3.0,99.6,171.1
