public/assets/IMPACTS_MetNav_ER2_20230302_R0.ict
57,1001
Project Office
National Suborbital Research Center [Bay Area Environmental Research Institute @ NASA Ames Research Center]
N806NA Meteorological and Navigation Parameters
IMPACTS
1,1
2023,01,05,2023,06,30
1
Time_Start, seconds
25
1,1,1,1,1,1,1,1,1,1,1,1,1,1,1,1,1,1,1,1,1,1,1,1,1
-9999,-9999,-9999,-9999,-9999,-9999,-9999,-9999,-9999,-9999,-9999,-9999,-9999,-9999,-9999,-9999,-9999,-9999,-9999,-9999,-9999,-9999,-9999,-9999,-9999
Day_Of_Year, day of year beginning Jan 1 
Latitude, deg
Longitude, deg
GPS_Altitude, m
Pressure_Altitude, feet
Ground_Speed, m/s
True_Air_Speed, kts
Mach_Number, mach
Vertical_Speed, m/s
True_Heading, deg (0-360, cw from +y)
Track_Angle, deg (0-360, cw from +y)
Drift_Angle, deg (+-180)
Pitch_Angle, deg (+-180, up+)
Roll_Angle, deg (+-180, rt+)
Static_Air_Temp, deg C
Potential_Temp, Kelvin
Total_Air_Temp, deg C
Static_Pressure, hPa
Cabin_Pressure, hPa
Wind_Speed, m/s
Wind_Direction, deg
Solar_Zenith_Angle, deg
Aircraft_Sun_Elevation, deg (+-180)
Sun_Azimuth, deg (+-180)
Aircraft_Sun_Azimuth, deg
0
18
PI_CONTACT_INFO: NSRC MetNav PI - Ryan Bennett - joseph.r.bennett@nasa.gov & r.bennett@baeri.org.
Platform: NASA ER-2 N806NA
LOCATION: Included in data records
ASSOCIATED_DATA: This flight represents IMPACTS transit flight from Dobbins Air Reserve Base, GA to Palmdale, CA. For more information about the IMPACTS project please visit https://espo.nasa.gov/impacts/content/IMPACTS.
INSTRUMENT_INFO: https://www.nasa.gov/centers/dryden/pdf/90464main_ER2handbook.pdf
DATA_INFO: For platform information, please visit: https://www.nasa.gov/centers/dryden/pdf/90464main_ER2handbook.pdf
UNCERTAINTY: https://www.nasa.gov/centers/dryden/pdf/90464main_ER2handbook.pdf
ULOD_FLAG: -7777
ULOD_VALUE: N/A
LLOD_FLAG: -8888
LLOD_VALUE: N/A;
DM_CONTACT_INFO: Ryan Bennett - joseph.r.bennett@nasa.gov & r.bennett@baeri.org.
PROJECT_INFO: N/A
STIPULATIONS_ON_USE: Data users are strongly encouraged to contact the instrument PI/data manager for information on instrument caveats and best practices. Otherwise, IMPACTS data management protocols apply.
OTHER_COMMENTS: Position and attitude data from LTN-92
REVISION: R0
R0: Preliminary public MetNav submission, please contact the PI and data manager for instructions on use or clarification. 
Time_Start,Day_Of_Year,Latitude,Longitude,GPS_Altitude,Pressure_Altitude,Ground_Speed,True_Air_Speed,Mach_Number,Vertical_Speed,True_Heading,Track_Angle,Drift_Angle,Pitch_Angle,Roll_Angle,Static_Air_Temp,Potential_Temp,Total_Air_Temp,Static_Pressure,Cabin_Pressure,Wind_Speed,Wind_Direction,Solar_Zenith_Angle,Aircraft_Sun_Elevation,Sun_Azimuth,Aircraft_Sun_Azimuth
[from data line 6127]
49330,61,36.3208786,-95.3659313,20087.0,65897,198.70,393.95,0.710,0.7,270.39,271.73,1.3,0.00,-0.15,-69.68,468.81,-49.18,54.01,301.2,6.1,221.2,80.9,9.3,105.9,-164.3
49331,61,36.3209320,-95.3681365,20087.0,65905,198.70,394.03,0.710,0.8,270.38,271.74,1.3,0.01,-0.23,-70.01,468.10,-49.54,54.00,300.4,6.2,221.2,80.9,9.4,105.9,-164.3
49332,61,36.3209847,-95.3703399,20088.0,65907,198.64,393.47,0.710,0.9,270.37,271.74,1.3,0.06,-0.26,-70.04,468.04,-49.59,54.00,299.9,6.1,219.3,80.9,9.4,105.9,-164.3
49333,61,36.3210380,-95.3725418,20090.0,65907,198.58,393.42,0.709,1.0,270.36,271.73,1.3,0.10,-0.23,-70.09,467.95,-49.69,53.98,300.0,6.1,219.5,80.9,9.5,105.9,-164.3
49334,61,36.3210919,-95.3747440,20091.0,65915,198.51,393.09,0.708,1.1,270.33,271.73,1.3,0.12,-0.13,-69.92,468.40,-49.54,53.96,299.4,6.1,218.2,80.9,9.5,105.9,-164.2
49335,61,36.3211462,-95.3769440,20092.0,65920,198.45,392.53,0.708,1.2,270.31,271.72,1.4,0.10,-0.13,-70.12,467.92,-49.79,53.96,299.7,6.0,216.3,80.9,9.4,105.9,-164.2
49336,61,36.3212000,-95.3791438,20094.0,65927,198.38,392.33,0.707,1.3,270.32,271.72,1.4,0.08,-0.20,-70.05,468.14,-49.74,53.95,299.4,6.0,216.2,80.9,9.4,105.9,-164.2
49337,61,36.3212541,-95.3813427,20095.0,65930,198.32,392.37,0.707,1.3,270.31,271.72,1.4,0.09,-0.24,-69.95,468.40,-49.64,53.93,299.7,6.1,216.6,80.9,9.5,105.9,-164.2
49338,61,36.3213075,-95.3835422,20096.0,65935,198.25,392.14,0.706,1.2,270.28,271.72,1.4,0.11,-0.21,-69.87,468.63,-49.58,53.91,298.6,6.1,215.6,80.9,9.5,105.9,-164.2
49339,61,36.3213598,-95.3857405,20097.0,65935,198.19,391.72,0.706,1.2,270.25,271.72,1.4,0.10,-0.16,-70.07,468.18,-49.84,53.91,299.4,6.1,213.9,80.9,9.5,105.9,-164.1
49340,61,36.3214130,-95.3879385,20098.0,65945,198.19,391.64,0.706,1.2,270.23,271.72,1.4,0.08,-0.12,-70.10,468.15,-49.88,53.89,299.7,6.1,213.3,80.9,9.4,105.9,-164.1
49341,61,36.3214665,-95.3901378,20099.0,65945,198.13,391.70,0.705,1.2,270.19,271.71,1.5,0.06,-0.13,-70.09,468.18,-49.89,53.89,299.3,6.3,213.4,80.9,9.4,105.9,-164.1
49342,61,36.3215193,-95.3923345,20100.0,65947,198.06,391.31,0.705,1.1,270.16,271.72,1.5,0.03,-0.18,-69.91,468.63,-49.73,53.88,299.2,6.3,211.8,80.9,9.4,105.9,-164.0
49343,61,36.3215722,-95.3945324,20101.0,65955,198.00,391.15,0.705,1.1,270.17,271.72,1.5,0.0,-0.23,-70.35,467.65,-50.19,53.86,299.7,6.3,211.8,80.9,9.4,105.9,-164.1
49344,61,36.3216255,-95.3967280,20102.0,65957,197.93,391.39,0.706,1.0,270.17,271.72,1.5,0.02,-0.20,-69.97,468.52,-49.73,53.86,298.8,6.4,213.3,80.9,9.4,105.9,-164.1
49345,61,36.3216780,-95.3989238,20103.0,65960,197.93,392.03,0.707,0.9,270.16,271.71,1.5,0.07,-0.14,-70.21,467.98,-49.94,53.86,299.4,6.6,215.7,80.9,9.4,105.9,-164.0
49346,61,36.3217310,-95.4011185,20104.0,65960,197.87,391.61,0.706,0.8,270.17,271.71,1.5,0.10,-0.15,-70.02,468.41,-49.78,53.86,299.2,6.5,214.7,80.9,9.5,105.9,-164.0
49347,61,36.3217837,-95.4033129,20105.0,65965,197.87,391.55,0.706,0.9,270.18,271.71,1.5,0.02,-0.19,-70.23,467.96,-50.03,53.84,299.7,6.4,214.7,80.9,9.4,105.9,-164.1
49348,61,36.3218357,-95.4055081,20106.0,65972,197.80,391.33,0.705,1.0,270.17,271.71,1.5,0.00,-0.24,-70.00,468.55,-49.78,53.83,301.3,6.4,214.1,80.9,9.4,105.9,-164.1
49349,61,36.3218887,-95.4077009,20107.0,65975,197.80,391.44,0.705,1.1,270.15,271.71,1.5,0.04,-0.23,-70.03,468.52,-49.83,53.81,300.4,6.5,214.3,80.9,9.4,105.9,-164.0
49350,61,36.3219405,-95.4098930,20108.0,65977,197.74,391.31,0.705,1.0,270.15,271.71,1.5,0.05,-0.17,-70.21,468.11,-50.03,53.81,299.7,6.5,214.3,80.9,9.4,106.0,-164.0
49351,61,36.3219925,-95.4120862,20108.0,65977,197.68,391.26,0.705,0.9,270.15,271.70,1.5,0.02,-0.11,-70.16,468.22,-49.98,53.81,300.9,6.5,214.6,80.9,9.4,106.0,-164.0
49352,61,36.3220451,-95.4142805,20109.0,65982,197.68,391.09,0.705,0.9,270.15,271.70,1.5,0.03,0.09,-70.21,468.14,-50.03,53.79,299.8,6.5,214.0,80.9,9.3,106.0,-164.0
49353,61,36.3220981,-95.4164728,20110.0,65990,197.61,391.19,0.705,0.9,270.16,271.70,1.5,0.02,-0.27,-70.20,468.20,-50.03,53.78,299.0,6.5,215.0,80.9,9.4,106.0,-164.0
49354,61,36.3221505,-95.4186669,20111.0,65992,197.61,391.01,0.705,0.8,270.16,271.70,1.5,0.02,0.08,-70.05,468.56,-49.83,53.78,298.9,6.4,214.3,80.9,9.3,106.0,-164.0
49355,61,36.3222029,-95.4208592,20111.0,65992,197.55,390.72,0.704,0.7,270.16,271.71,1.5,0.08,-0.20,-70.01,468.64,-49.88,53.78,300.0,6.4,213.6,80.9,9.3,106.0,-164.0
49356,61,36.3222553,-95.4230508,20112.0,65995,197.55,390.48,0.704,0.6,270.17,271.70,1.5,0.07,-0.25,-70.22,468.21,-50.13,53.76,299.3,6.3,213.0,80.9,9.3,106.0,-164.0
49357,61,36.3223078,-95.4252436,20112.0,66000,197.48,390.83,0.704,0.6,270.15,271.70,1.5,-0.24,-0.12,-70.24,468.20,-50.13,53.74,299.8,6.5,214.4,80.9,9.1,106.0,-164.0
49358,61,36.3223607,-95.4274359,20112.0,66005,197.48,391.12,0.705,0.4,270.13,271.70,1.5,-0.28,-0.17,-70.12,468.49,-49.93,53.74,299.4,6.6,215.1,80.9,9.1,106.0,-164.0
49359,61,36.3224137,-95.4296255,20112.0,65997,197.48,391.28,0.706,0.3,270.12,271.70,1.5,-0.20,-0.29,-70.32,467.97,-50.13,53.76,298.8,6.7,215.5,80.9,9.2,106.0,-164.0
49360,61,36.3224641,-95.4318201,20113.0,65997,197.48,391.50,0.706,0.0,270.10,271.70,1.5,-0.15,-0.24,-70.14,468.40,-49.93,53.76,299.2,6.8,216.2,80.9,9.3,106.0,-164.0
49361,61,36.3225180,-95.4340143,20113.0,65997,197.48,391.58,0.706,-0.1,270.08,271.70,1.5,-0.18,-0.10,-70.30,468.01,-50.08,53.76,299.8,6.9,216.0,80.9,9.2,106.0,-163.9
49362,61,36.3225710,-95.4362061,20114.0,65997,197.48,391.66,0.706,0.1,270.07,271.69,1.6,-0.21,-0.13,-70.32,467.98,-50.08,53.76,298.8,6.9,216.1,80.9,9.2,106.0,-163.9
49363,61,36.3226232,-95.4383920,20114.0,65997,197.48,391.87,0.706,0.2,270.07,271.69,1.6,-0.20,-0.25,-70.09,468.51,-49.83,53.76,299.3,7.0,217.0,80.9,9.2,106.0,-163.9
49364,61,36.3226752,-95.4405830,20113.0,66000,197.48,391.87,0.707,0.1,270.07,271.69,1.5,-0.18,-0.22,-70.34,467.98,-50.08,53.74,300.4,7.0,217.0,80.9,9.2,106.0,-163.9
49365,61,36.3227258,-95.4427751,20113.0,66000,197.48,391.87,0.707,0.1,270.07,271.69,1.5,-0.18,-0.13,-70.15,468.40,-49.88,53.74,300.5,7.0,217.1,80.9,9.2,106.0,-163.9
49366,61,36.3227794,-95.4449630,20113.0,66000,197.48,392.12,0.707,0.1,270.08,271.69,1.5,-0.19,-0.18,-70.18,468.31,-49.88,53.76,300.9,7.0,218.0,80.9,9.2,106.0,-163.9
49367,61,36.3228310,-95.4471544,20113.0,65997,197.48,391.95,0.707,0.1,270.10,271.68,1.5,-0.18,-0.23,-70.43,467.71,-50.18,53.76,301.0,6.9,218.0,80.9,9.2,106.0,-164.0
49368,61,36.3228832,-95.4493447,20114.0,66000,197.48,392.09,0.707,0.1,270.13,271.68,1.5,-0.18,-0.14,-70.29,468.09,-50.03,53.74,299.2,6.9,218.9,80.9,9.2,106.0,-164.0
49369,61,36.3229357,-95.4515371,20114.0,66002,197.48,392.34,0.707,0.1,270.13,271.68,1.5,-0.24,-0.12,-70.04,468.66,-49.73,53.74,299.8,6.9,219.8,80.9,9.2,106.0,-164.0
49370,61,36.3229893,-95.4537300,20114.0,66005,197.48,392.67,0.708,0.1,270.14,271.68,1.5,-0.24,-0.22,-70.32,468.01,-49.98,53.74,299.4,7.0,221.1,80.9,9.2,106.0,-164.0
49371,61,36.3230413,-95.4559177,20114.0,66002,197.48,392.98,0.708,0.1,270.16,271.68,1.5,-0.16,-0.17,-70.38,467.87,-50.03,53.74,298.9,7.1,222.5,80.9,9.3,106.0,-164.0
49372,61,36.3230948,-95.4581091,20114.0,66000,197.42,393.11,0.709,0.0,270.19,271.68,1.4,-0.14,-0.10,-70.21,468.27,-49.83,53.74,299.9,7.1,223.8,80.9,9.3,106.0,-164.0
49373,61,36.3231473,-95.4603028,20114.0,66005,197.48,392.97,0.709,0.1,270.21,271.67,1.4,-0.15,-0.13,-70.39,467.85,-50.03,53.74,299.2,6.9,223.5,80.9,9.3,106.0,-164.1
49374,61,36.3231963,-95.4624966,20114.0,66007,197.42,393.15,0.709,0.2,270.23,271.68,1.4,-0.14,-0.22,-70.27,468.19,-49.89,53.73,300.7,7.0,224.7,80.9,9.3,106.0,-164.1
49375,61,36.3232477,-95.4646869,20114.0,66007,197.42,393.50,0.709,0.3,270.25,271.68,1.4,-0.11,-0.25,-70.62,467.37,-50.24,53.73,299.9,7.1,226.1,80.9,9.3,106.0,-164.1
49376,61,36.3232987,-95.4668784,20115.0,66007,197.42,393.23,0.709,0.3,270.27,271.68,1.3,-0.10,-0.19,-70.15,468.46,-49.72,53.73,300.9,6.9,225.8,80.9,9.3,106.0,-164.1
49377,61,36.3233480,-95.4690653,20115.0,66012,197.35,393.26,0.709,0.3,270.27,271.67,1.3,0.08,-0.13,-70.43,467.82,-50.03,53.73,300.3,6.9,226.5,80.9,9.3,106.0,-164.1
49378,61,36.3234015,-95.4712524,20115.0,66012,197.35,393.50,0.709,0.4,270.28,271.66,1.3,0.08,-0.15,-70.25,468.27,-49.83,53.71,299.7,7.0,227.4,80.9,9.3,106.0,-164.1
49379,61,36.3234532,-95.4734390,20116.0,66015,197.35,393.64,0.709,0.4,270.27,271.67,1.3,0.07,-0.23,-70.02,468.80,-49.58,53.71,299.4,7.1,227.6,80.9,9.4,106.0,-164.1
49380,61,36.3234996,-95.4756264,20117.0,66015,197.29,393.47,0.709,0.5,270.26,271.67,1.3,0.04,-0.26,-70.52,467.63,-50.13,53.71,299.3,7.1,227.2,80.8,9.4,106.0,-164.1
49381,61,36.3235488,-95.4778175,20117.0,66015,197.22,393.28,0.709,0.5,270.27,271.66,1.3,0.03,-0.18,-70.48,467.74,-50.08,53.71,298.8,7.0,227.3,80.8,9.4,106.0,-164.1
49382,61,36.3236022,-95.4800040,20118.0,66020,197.22,393.42,0.709,0.5,270.28,271.66,1.3,0.03,-0.12,-70.43,467.84,-50.03,53.71,299.2,7.1,227.9,80.8,9.4,106.0,-164.1
49383,61,36.3236536,-95.4821923,20119.0,66020,197.16,393.47,0.709,0.6,270.29,271.65,1.3,0.03,-0.19,-70.44,467.87,-50.03,53.69,300.2,7.1,228.9,80.8,9.4,106.0,-164.1
49384,61,36.3237004,-95.4843819,20119.0,66022,197.16,393.42,0.709,0.7,270.30,271.66,1.3,0.02,-0.24,-70.30,468.20,-49.88,53.69,299.0,7.1,228.9,80.8,9.4,106.0,-164.1
49385,61,36.3237532,-95.4865657,20120.0,66025,197.10,393.30,0.709,0.6,270.30,271.65,1.3,0.0,-0.20,-70.52,467.69,-50.13,53.69,299.8,7.1,228.9,80.8,9.4,106.0,-164.1
49386,61,36.3238063,-95.4887544,20121.0,66030,197.03,393.14,0.709,0.7,270.27,271.66,1.3,0.01,-0.13,-70.46,467.86,-50.08,53.67,299.7,7.1,228.2,80.8,9.4,106.0,-164.1
49387,61,36.3238533,-95.4909385,20122.0,66032,197.03,392.84,0.709,0.7,270.26,271.65,1.3,0.01,-0.15,-70.30,468.28,-49.92,53.66,299.8,7.0,227.2,80.8,9.4,106.0,-164.1
49388,61,36.3239082,-95.4931224,20122.0,66037,196.97,392.84,0.709,0.7,270.25,271.65,1.3,0.01,-0.23,-70.57,467.65,-50.22,53.66,299.3,7.1,227.3,80.8,9.5,106.0,-164.1
49389,61,36.3239571,-95.4953094,20123.0,66040,196.90,393.08,0.709,0.7,270.24,271.65,1.4,0.03,-0.20,-70.67,467.47,-50.33,53.64,299.2,7.3,228.0,80.8,9.5,106.0,-164.1
49390,61,36.3240082,-95.4974903,20123.0,66042,196.84,392.81,0.709,0.7,270.20,271.65,1.4,0.05,-0.15,-70.34,468.22,-49.97,53.64,299.7,7.3,227.0,80.8,9.5,106.0,-164.0
49391,61,36.3240580,-95.4996734,20125.0,66045,196.84,393.01,0.709,0.7,270.15,271.65,1.4,0.06,-0.10,-70.59,467.68,-50.22,53.62,299.3,7.5,226.6,80.8,9.5,106.0,-164.0
49392,61,36.3241102,-95.5018545,20125.0,66047,196.77,392.83,0.708,0.8,270.12,271.65,1.5,0.09,-0.16,-70.37,468.20,-50.02,53.62,298.9,7.5,225.9,80.8,9.5,106.0,-163.9
49393,61,36.3241611,-95.5040376,20126.0,66047,196.71,392.48,0.708,0.8,270.12,271.66,1.5,0.10,-0.26,-70.54,467.80,-50.23,53.62,299.0,7.5,225.1,80.8,9.6,106.0,-163.9
49394,61,36.3242114,-95.5062236,20128.0,66050,196.65,392.12,0.708,0.9,270.11,271.66,1.5,0.10,-0.22,-70.34,468.27,-50.02,53.62,300.0,7.4,224.2,80.8,9.6,106.0,-163.9
49395,61,36.3242644,-95.5084068,20129.0,66057,196.58,392.20,0.708,1.0,270.08,271.65,1.5,0.10,-0.10,-70.42,468.17,-50.12,53.59,299.4,7.5,224.4,80.8,9.5,106.0,-163.9
49396,61,36.3243142,-95.5105850,20130.0,66060,196.58,392.08,0.707,1.0,270.07,271.64,1.5,0.12,-0.15,-70.54,467.90,-50.28,53.59,299.7,7.5,224.0,80.8,9.6,106.0,-163.9
49397,61,36.3243661,-95.5127646,20131.0,66062,196.45,391.90,0.707,1.0,270.08,271.65,1.5,0.13,-0.27,-70.42,468.16,-50.17,53.59,298.9,7.5,224.2,80.8,9.6,106.0,-163.9
49398,61,36.3244156,-95.5149440,20132.0,66065,196.45,391.41,0.706,1.0,270.07,271.65,1.5,0.15,-0.27,-70.42,468.21,-50.22,53.57,299.0,7.4,222.5,80.8,9.6,106.0,-163.9
49399,61,36.3244628,-95.5171181,20133.0,66070,196.39,391.11,0.706,1.0,270.05,271.65,1.5,0.15,-0.16,-70.59,467.82,-50.42,53.57,298.9,7.3,221.8,80.8,9.6,106.0,-163.9
49400,61,36.3245128,-95.5192961,20134.0,66075,196.32,390.91,0.705,1.0,270.03,271.65,1.5,0.08,-0.13,-70.57,467.90,-50.42,53.56,299.4,7.4,221.3,80.8,9.5,106.0,-163.8
49401,61,36.3245625,-95.5214736,20135.0,66080,196.26,390.95,0.706,1.0,270.01,271.64,1.6,0.04,-0.20,-70.45,468.24,-50.26,53.54,299.2,7.5,221.5,80.8,9.5,106.0,-163.8
49402,61,36.3246128,-95.5236470,20135.0,66085,196.20,390.92,0.705,1.0,269.99,271.64,1.6,0.08,-0.25,-70.35,468.50,-50.16,53.52,299.7,7.5,221.4,80.8,9.6,106.0,-163.8
49403,61,36.3246643,-95.5258238,20136.0,66087,196.13,391.17,0.706,0.8,269.96,271.64,1.6,0.09,-0.19,-70.61,467.90,-50.41,53.52,299.2,7.7,222.0,80.8,9.5,106.0,-163.8
49404,61,36.3247184,-95.5279979,20136.0,66090,196.13,391.01,0.705,0.7,269.93,271.64,1.6,0.12,-0.14,-70.53,468.09,-50.36,53.52,299.0,7.8,221.0,80.8,9.6,106.0,-163.7
49405,61,36.3247654,-95.5301782,20138.0,66090,196.07,390.45,0.705,0.7,269.93,271.64,1.6,0.14,-0.21,-70.49,468.18,-50.36,53.52,298.8,7.6,219.9,80.8,9.6,106.0,-163.7
49406,61,36.3248133,-95.5323536,20138.0,66092,196.00,390.03,0.704,0.8,269.96,271.64,1.6,0.10,-0.25,-70.39,468.44,-50.31,53.50,299.2,7.5,219.3,80.8,9.6,106.0,-163.8
49407,61,36.3248633,-95.5345253,20139.0,66092,196.00,389.47,0.703,0.8,269.96,271.64,1.6,0.05,-0.17,-70.57,468.02,-50.57,53.50,299.8,7.2,217.7,80.8,9.5,106.0,-163.8
49408,61,36.3249177,-95.5367011,20140.0,66100,195.94,389.39,0.703,0.7,269.95,271.64,1.6,0.04,-0.13,-70.57,468.08,-50.57,53.49,299.0,7.3,217.7,80.8,9.4,106.0,-163.7
49409,61,36.3249661,-95.5388748,20140.0,66102,195.87,389.36,0.703,0.6,269.95,271.63,1.6,-0.12,-0.24,-70.38,468.52,-50.36,53.49,299.2,7.3,218.0,80.8,9.4,106.0,-163.8
49410,61,36.3250142,-95.5410477,20140.0,66105,195.87,389.44,0.703,0.4,269.94,271.63,1.6,-0.14,-0.26,-70.43,468.44,-50.41,53.47,299.0,7.4,218.2,80.8,9.4,106.0,-163.8
49411,61,36.3250633,-95.5432208,20140.0,66105,195.81,389.67,0.703,0.2,269.93,271.63,1.6,-0.14,-0.18,-70.63,467.98,-50.62,53.47,298.8,7.5,219.1,80.8,9.3,106.0,-163.7
49412,61,36.3251119,-95.5453996,20140.0,66102,195.81,389.26,0.702,0.0,269.90,271.63,1.7,-0.18,-0.13,-70.69,467.80,-50.71,53.49,299.9,7.4,217.5,80.8,9.3,106.0,-163.7
49413,61,36.3251634,-95.5475702,20140.0,66100,195.81,389.19,0.702,-0.2,269.89,271.63,1.7,-0.23,-0.20,-70.45,468.34,-50.46,53.49,298.9,7.4,217.0,80.8,9.3,106.0,-163.7
49414,61,36.3252142,-95.5497405,20138.0,66105,195.87,389.36,0.703,-0.2,269.88,271.63,1.7,-0.27,-0.26,-70.43,468.45,-50.41,53.47,298.9,7.5,217.1,80.8,9.2,106.0,-163.7
49415,61,36.3252621,-95.5519174,20138.0,66097,195.87,389.66,0.703,-0.3,269.88,271.62,1.7,-0.27,-0.24,-70.44,468.38,-50.41,53.49,299.9,7.6,218.0,80.8,9.2,106.0,-163.7
49416,61,36.3253090,-95.5540920,20137.0,66092,195.87,389.92,0.703,-0.5,269.85,271.61,1.7,-0.29,-0.17,-70.41,468.41,-50.37,53.50,298.4,7.7,218.4,80.8,9.2,106.0,-163.7
49417,61,36.3253573,-95.5562704,20137.0,66095,195.87,389.97,0.703,-0.6,269.84,271.61,1.7,-0.30,-0.15,-70.64,467.88,-50.62,53.50,298.4,7.8,218.3,80.8,9.2,106.0,-163.6
49418,61,36.3254091,-95.5584436,20135.0,66092,195.94,389.87,0.703,-0.7,269.85,271.61,1.7,-0.32,-0.17,-70.46,468.28,-50.41,53.50,299.4,7.7,217.9,80.8,9.2,106.0,-163.6
49419,61,36.3254597,-95.5606206,20135.0,66092,195.94,390.00,0.703,-0.7,269.85,271.61,1.7,-0.32,-0.21,-70.38,468.46,-50.31,53.50,298.6,7.7,218.4,80.8,9.2,106.0,-163.7
49420,61,36.3255083,-95.5627963,20134.0,66082,196.00,389.84,0.703,-0.8,269.85,271.61,1.7,-0.30,-0.23,-70.41,468.33,-50.36,53.54,299.4,7.6,217.4,80.8,9.2,106.0,-163.6
49421,61,36.3255578,-95.5649718,20133.0,66072,196.00,389.80,0.703,-0.9,269.84,271.61,1.7,-0.31,-0.21,-70.36,468.40,-50.31,53.56,299.3,7.6,217.1,80.8,9.2,106.0,-163.6
49422,61,36.3256064,-95.5671491,20132.0,66072,196.07,389.89,0.703,-0.9,269.84,271.60,1.7,-0.34,-0.21,-70.37,468.37,-50.31,53.56,299.8,7.6,217.1,80.8,9.2,106.0,-163.6
49423,61,36.3256562,-95.5693252,20131.0,66070,196.07,390.00,0.703,-0.9,269.85,271.60,1.7,-0.35,-0.19,-70.42,468.21,-50.36,53.57,299.0,7.6,217.7,80.8,9.2,106.0,-163.6
49424,61,36.3257054,-95.5715005,20130.0,66070,196.13,390.22,0.704,-0.9,269.86,271.60,1.7,-0.34,-0.16,-70.39,468.28,-50.31,53.57,299.0,7.6,218.1,80.8,9.2,106.0,-163.6
49425,61,36.3257528,-95.5736796,20129.0,66062,196.13,390.08,0.704,-1.0,269.87,271.59,1.7,-0.36,-0.16,-70.54,467.89,-50.47,53.59,299.5,7.5,218.0,80.8,9.1,106.0,-163.7
