public/assets/IMPACTS_MetNav_ER2_20230302_R0.ict
57,1001
Project Office
National Suborbital Research Center [Bay Area Environmental Research Institute @ NASA Ames Research Center]
N806NA Meteorological and Navigation Parameters
IMPACTS
1,1
2023,01,05,2023,06,30
1
Time_Start, seconds
25
1,1,1,1,1,1,1,1,1,1,1,1,1,1,1,1,1,1,1,1,1,1,1,1,1
-9999,-9999,-9999,-9999,-9999,-9999,-9999,-9999,-9999,-9999,-9999,-9999,-9999,-9999,-9999,-9999,-9999,-9999,-9999,-9999,-9999,-9999,-9999,-9999,-9999
Day_Of_Year, day of year beginning Jan 1 
Latitude, deg
Longitude, deg
GPS_Altitude, m
Pressure_Altitude, feet
Ground_Speed, m/s
True_Air_Speed, kts
Mach_Number, mach
Vertical_Speed, m/s
True_Heading, deg (0-360, cw from +y)
Track_Angle, deg (0-360, cw from +y)
Drift_Angle, deg (+-180)
Pitch_Angle, deg (+-180, up+)
Roll_Angle, deg (+-180, rt+)
Static_Air_Temp, deg C
Potential_Temp, Kelvin
Total_Air_Temp, deg C
Static_Pressure, hPa
Cabin_Pressure, hPa
Wind_Speed, m/s
Wind_Direction, deg
Solar_Zenith_Angle, deg
Aircraft_Sun_Elevation, deg (+-180)
Sun_Azimuth, deg (+-180)
Aircraft_Sun_Azimuth, deg
0
18
PI_CONTACT_INFO: NSRC MetNav PI - Ryan Bennett - joseph.r.bennett@nasa.gov & r.bennett@baeri.org.
Platform: NASA ER-2 N806NA
LOCATION: Included in data records
ASSOCIATED_DATA: This flight represents IMPACTS transit flight from Dobbins Air Reserve Base, GA to Palmdale, CA. For more information about the IMPACTS project please visit https://espo.nasa.gov/impacts/content/IMPACTS.
INSTRUMENT_INFO: https://www.nasa.gov/centers/dryden/pdf/90464main_ER2handbook.pdf
DATA_INFO: For platform information, please visit: https://www.nasa.gov/centers/dryden/pdf/90464main_ER2handbook.pdf
UNCERTAINTY: https://www.nasa.gov/centers/dryden/pdf/90464main_ER2handbook.pdf
ULOD_FLAG: -7777
ULOD_VALUE: N/A
LLOD_FLAG: -8888
LLOD_VALUE: N/A;
DM_CONTACT_INFO: Ryan Bennett - joseph.r.bennett@nasa.gov & r.bennett@baeri.org.
PROJECT_INFO: N/A
STIPULATIONS_ON_USE: Data users are strongly encouraged to contact the instrument PI/data manager for information on instrument caveats and best practices. Otherwise, IMPACTS data management protocols apply.
OTHER_COMMENTS: Position and attitude data from LTN-92
REVISION: R0
R0: Preliminary public MetNav submission, please contact the PI and data manager for instructions on use or clarification. 
Time_Start,Day_Of_Year,Latitude,Longitude,GPS_Altitude,Pressure_Altitude,Ground_Speed,True_Air_Speed,Mach_Number,Vertical_Speed,True_Heading,Track_Angle,Drift_Angle,Pitch_Angle,Roll_Angle,Static_Air_Temp,Potential_Temp,Total_Air_Temp,Static_Pressure,Cabin_Pressure,Wind_Speed,Wind_Direction,Solar_Zenith_Angle,Aircraft_Sun_Elevation,Sun_Azimuth,Aircraft_Sun_Azimuth
[from data line 15608]
58811,61,34.9880585,-116.6722797,18848.0,61705,208.80,408.72,0.710,-12.6,268.08,266.03,-2.2,-2.78,-0.16,-54.61,475.36,-32.58,66.07,312.3,7.6,346.0,66.7,21.2,117.8,-150.6
58812,61,34.9879278,-116.6745571,18836.0,61665,208.86,409.14,0.711,-12.6,268.02,266.03,-2.1,-2.50,-0.20,-54.75,474.77,-32.67,66.20,312.5,7.5,344.5,66.7,21.4,117.8,-150.5
58813,61,34.9877989,-116.6768327,18826.0,61630,208.86,409.44,0.712,-11.9,267.93,266.03,-2.0,-2.17,-0.29,-54.88,474.24,-32.77,66.32,312.8,7.2,342.7,66.7,21.8,117.8,-150.4
58814,61,34.9876698,-116.6791052,18816.0,61592,208.80,409.00,0.711,-11.0,267.82,266.04,-1.9,-1.97,-0.24,-55.08,473.60,-33.04,66.42,313.9,6.7,343.1,66.7,21.9,117.8,-150.2
58815,61,34.9875408,-116.6813758,18807.0,61570,208.74,408.58,0.710,-10.1,267.70,266.04,-1.8,-1.98,-0.26,-55.08,473.43,-33.09,66.51,312.5,6.2,343.4,66.7,21.9,117.8,-150.1
58816,61,34.9874121,-116.6836466,18799.0,61550,208.61,408.33,0.710,-8.9,267.58,266.04,-1.7,-1.94,-0.29,-55.07,473.30,-33.09,66.58,313.5,5.8,342.4,66.7,22.0,117.8,-150.0
58817,61,34.9872834,-116.6859132,18790.0,61522,208.41,408.75,0.711,-8.2,267.47,266.04,-1.6,-1.91,-0.27,-55.00,473.30,-32.96,66.66,313.4,5.5,337.0,66.7,22.0,117.8,-149.9
58818,61,34.9871530,-116.6881793,18782.0,61485,208.22,409.23,0.712,-8.0,267.32,266.04,-1.4,-1.74,-0.22,-55.15,472.72,-33.06,66.78,313.0,5.2,330.4,66.7,22.1,117.8,-149.7
58819,61,34.9870259,-116.6904422,18775.0,61450,207.96,408.48,0.710,-7.9,267.21,266.04,-1.3,-1.55,-0.36,-55.45,471.88,-33.48,66.88,312.2,4.8,329.7,66.7,22.4,117.8,-149.6
58820,61,34.9868982,-116.6927017,18768.0,61435,207.77,407.62,0.709,-7.6,267.18,266.04,-1.3,-1.62,-0.29,-55.36,471.93,-33.45,66.95,313.0,4.6,331.8,66.7,22.3,117.8,-149.5
58821,61,34.9867703,-116.6949594,18762.0,61422,207.51,407.11,0.708,-7.0,267.16,266.03,-1.3,-1.75,-0.20,-55.31,471.96,-33.45,66.98,313.4,4.5,331.5,66.7,22.1,117.8,-149.5
58822,61,34.9866422,-116.6972131,18755.0,61402,207.26,406.51,0.708,-6.4,267.15,266.02,-1.3,-1.83,-0.25,-55.47,471.51,-33.64,67.03,313.7,4.5,332.1,66.7,22.1,117.8,-149.5
58823,61,34.9865134,-116.6994642,18748.0,61375,207.00,406.37,0.707,-6.5,267.14,266.01,-1.3,-1.83,-0.23,-55.58,471.11,-33.82,67.12,314.6,4.6,329.9,66.7,22.1,117.8,-149.5
58824,61,34.9863846,-116.7017133,18741.0,61362,206.74,405.89,0.706,-6.9,267.17,266.01,-1.3,-2.05,-0.33,-55.33,471.55,-33.59,67.17,313.5,4.7,330.3,66.7,21.9,117.8,-149.6
58825,61,34.9862551,-116.7039600,18733.0,61335,206.48,405.20,0.706,-7.2,267.19,266.01,-1.4,-2.22,-0.22,-55.09,471.90,-33.37,67.25,313.7,4.7,331.9,66.7,21.7,117.8,-149.6
58826,61,34.9861234,-116.7062044,18725.0,61312,206.23,405.37,0.705,-7.4,267.19,266.00,-1.4,-2.42,-0.21,-55.32,471.23,-33.65,67.34,313.3,4.9,328.4,66.7,21.6,117.8,-149.7
58827,61,34.9859906,-116.7084488,18716.0,61277,206.03,405.51,0.706,-8.1,267.20,265.98,-1.4,-2.50,-0.23,-55.29,471.10,-33.60,67.44,314.6,5.1,326.3,66.7,21.5,117.8,-149.7
58828,61,34.9858606,-116.7106891,18706.0,61245,205.84,406.45,0.707,-8.7,267.22,265.98,-1.4,-2.55,-0.16,-55.38,470.66,-33.59,67.56,313.3,5.5,320.6,66.7,21.4,117.8,-149.7
58829,61,34.9857294,-116.7129290,18696.0,61212,205.71,406.67,0.707,-9.3,267.26,265.98,-1.5,-2.44,-0.26,-55.34,470.54,-33.55,67.66,314.6,5.8,319.7,66.7,21.6,117.8,-149.8
58830,61,34.9855981,-116.7151684,18686.0,61172,205.58,406.44,0.707,-9.7,267.29,265.98,-1.5,-2.46,-0.13,-55.50,469.96,-33.72,67.78,314.1,5.9,320.2,66.7,21.5,117.8,-149.7
58831,61,34.9854691,-116.7174083,18677.0,61150,205.46,407.80,0.710,-9.9,267.29,265.98,-1.5,-2.63,-0.15,-55.23,470.38,-33.28,67.86,314.6,6.4,314.2,66.7,21.4,117.8,-149.8
58832,61,34.9853374,-116.7196425,18667.0,61100,205.33,407.90,0.709,-9.7,267.30,265.97,-1.5,-2.11,0.08,-55.50,469.45,-33.62,68.03,314.3,6.6,313.4,66.7,21.8,117.8,-149.7
58833,61,34.9852072,-116.7218799,18657.0,61070,205.20,408.51,0.711,-9.8,267.32,265.98,-1.5,-2.16,-0.23,-55.57,469.14,-33.57,68.12,314.7,6.9,311.1,66.7,21.8,117.8,-149.8
58834,61,34.9850792,-116.7241054,18649.0,61042,205.01,408.95,0.712,-9.8,267.32,265.98,-1.5,-1.98,-0.18,-55.40,469.31,-33.35,68.22,314.7,7.2,308.6,66.7,21.9,117.8,-149.7
58835,61,34.9849533,-116.7263334,18641.0,61010,204.88,408.62,0.711,-8.7,267.30,266.00,-1.5,-1.79,-0.36,-55.44,469.02,-33.42,68.32,315.2,7.1,308.2,66.7,22.2,117.8,-149.7
58836,61,34.9848241,-116.7285581,18634.0,60987,204.62,407.92,0.710,-8.5,267.29,265.99,-1.5,-1.85,-0.22,-55.25,469.31,-33.30,68.39,314.8,7.0,308.6,66.7,22.1,117.8,-149.7
58837,61,34.9846976,-116.7307848,18627.0,60972,204.43,410.55,0.714,-7.8,267.27,265.99,-1.4,-2.04,-0.26,-55.75,468.12,-33.57,68.44,314.4,8.2,301.0,66.7,21.9,117.8,-149.7
58838,61,34.9845665,-116.7330013,18620.0,60935,204.17,407.65,0.710,-7.2,267.24,265.98,-1.4,-1.44,-0.27,-55.42,468.60,-33.50,68.56,314.7,7.2,306.1,66.7,22.5,117.8,-149.5
58839,61,34.9844455,-116.7352205,18612.0,60920,203.91,407.70,0.710,-7.3,267.23,265.98,-1.4,-1.96,-0.17,-55.29,468.75,-33.35,68.63,314.4,7.4,304.2,66.7,22.0,117.9,-149.6
58840,61,34.9843162,-116.7374338,18606.0,60912,203.66,408.42,0.710,-7.1,267.18,265.98,-1.4,-1.99,-0.26,-55.03,469.28,-33.03,68.64,314.7,7.8,300.5,66.6,22.0,117.9,-149.6
58841,61,34.9841848,-116.7396452,18599.0,60877,203.40,408.15,0.710,-6.2,267.18,265.97,-1.4,-1.90,-0.23,-55.23,468.62,-33.25,68.76,315.8,7.9,300.0,66.6,22.0,117.9,-149.5
58842,61,34.9840551,-116.7418546,18591.0,60855,203.08,407.84,0.710,-7.1,267.17,265.97,-1.4,-1.94,-0.20,-55.29,468.35,-33.35,68.83,315.8,8.0,299.1,66.6,22.0,117.9,-149.5
58843,61,34.9839255,-116.7440596,18584.0,60827,202.82,408.42,0.710,-7.4,267.14,265.97,-1.3,-2.03,-0.20,-55.11,468.59,-33.10,68.91,314.9,8.4,296.6,66.6,21.9,117.9,-149.5
58844,61,34.9837991,-116.7462660,18577.0,60805,202.56,408.26,0.711,-7.2,267.15,265.97,-1.3,-2.03,-0.16,-55.43,467.73,-33.44,69.00,316.2,8.6,296.2,66.6,21.9,117.9,-149.5
58845,61,34.9836711,-116.7484672,18570.0,60782,202.31,409.20,0.712,-7.3,267.15,265.97,-1.3,-1.85,-0.15,-55.68,467.07,-33.60,69.07,315.4,9.2,294.0,66.6,22.1,117.9,-149.5
58846,61,34.9835433,-116.7506634,18563.0,60742,202.11,409.00,0.712,-7.4,267.13,265.96,-1.3,-1.58,-0.26,-55.95,466.22,-33.91,69.20,315.7,9.3,293.4,66.6,22.3,117.9,-149.4
58847,61,34.9834169,-116.7528565,18556.0,60725,201.85,408.56,0.712,-7.3,267.06,265.97,-1.3,-1.52,-0.24,-55.82,466.40,-33.78,69.25,315.7,9.2,291.8,66.6,22.4,117.9,-149.3
58848,61,34.9832908,-116.7550452,18551.0,60705,201.53,408.12,0.711,-6.7,267.05,265.97,-1.2,-1.51,-0.28,-55.71,466.51,-33.74,69.32,315.2,9.3,291.3,66.6,22.4,117.9,-149.3
58849,61,34.9831644,-116.7572369,18546.0,60692,201.28,407.80,0.710,-5.8,267.06,265.97,-1.3,-1.55,-0.14,-55.92,465.96,-34.01,69.37,316.2,9.4,291.3,66.6,22.3,117.9,-149.3
58850,61,34.9830397,-116.7594213,18540.0,60687,200.95,407.84,0.710,-5.2,267.03,265.96,-1.2,-1.72,-0.18,-55.78,466.23,-33.83,69.39,316.1,9.7,289.9,66.6,22.2,117.9,-149.3
58851,61,34.9829114,-116.7616036,18534.0,60672,200.57,406.84,0.709,-5.1,266.97,265.96,-1.2,-1.65,-0.23,-55.79,466.11,-33.93,69.44,316.3,9.4,289.0,66.6,22.3,117.9,-149.3
58852,61,34.9827844,-116.7637816,18528.0,60647,200.25,406.59,0.708,-5.3,266.92,265.96,-1.1,-1.77,-0.21,-55.54,466.47,-33.71,69.52,315.7,9.6,287.5,66.6,22.2,117.9,-149.2
58853,61,34.9826536,-116.7659515,18523.0,60632,199.93,406.70,0.709,-5.8,266.88,265.97,-1.1,-1.93,-0.21,-55.80,465.85,-33.98,69.56,316.2,9.9,285.7,66.6,22.0,117.9,-149.2
58854,61,34.9825250,-116.7681220,18516.0,60617,199.67,406.70,0.709,-5.9,266.84,265.96,-1.0,-1.93,-0.18,-55.83,465.66,-34.00,69.62,316.5,10.1,284.6,66.6,22.0,117.9,-149.2
58855,61,34.9824007,-116.7702890,18509.0,60590,199.35,406.53,0.709,-6.2,266.79,265.96,-1.0,-1.94,-0.20,-55.99,465.15,-34.17,69.71,316.1,10.2,283.2,66.6,22.0,117.9,-149.1
58856,61,34.9822733,-116.7724548,18502.0,60560,199.03,406.34,0.708,-6.8,266.72,265.96,-0.9,-1.93,-0.23,-56.09,464.75,-34.32,69.81,315.8,10.4,281.3,66.6,22.0,117.9,-149.1
58857,61,34.9821484,-116.7746172,18495.0,60532,198.77,406.44,0.708,-7.0,266.65,265.97,-0.9,-2.00,-0.31,-56.04,464.70,-34.28,69.90,316.8,10.6,279.6,66.6,22.0,117.9,-149.1
58858,61,34.9820232,-116.7767736,18488.0,60507,198.51,405.90,0.707,-7.1,266.63,265.97,-0.8,-2.02,-0.26,-56.05,464.51,-34.32,69.98,316.8,10.6,279.2,66.6,22.0,117.9,-149.0
58859,61,34.9818962,-116.7789329,18481.0,60490,198.25,405.20,0.706,-7.2,266.62,265.96,-0.8,-2.13,-0.28,-55.98,464.54,-34.32,70.05,316.8,10.5,279.1,66.6,21.9,117.9,-149.0
58860,61,34.9817676,-116.7810832,18473.0,60467,198.00,405.14,0.706,-7.3,266.59,265.96,-0.8,-2.28,-0.26,-55.96,464.45,-34.32,70.12,315.9,10.7,278.4,66.6,21.8,117.9,-149.0
58861,61,34.9816412,-116.7832334,18465.0,60440,197.74,404.61,0.705,-7.4,266.56,265.96,-0.8,-2.44,-0.24,-55.96,464.25,-34.37,70.22,317.0,10.6,277.9,66.6,21.6,117.9,-149.0
58862,61,34.9815187,-116.7853844,18457.0,60410,197.55,404.55,0.705,-7.9,266.57,265.95,-0.8,-2.57,-0.24,-55.89,464.20,-34.32,70.32,317.3,10.8,277.9,66.6,21.5,117.9,-149.1
58863,61,34.9813922,-116.7875358,18448.0,60385,197.29,403.89,0.704,-8.3,266.57,265.95,-0.8,-2.65,-0.21,-55.93,463.96,-34.42,70.40,317.8,10.7,278.0,66.6,21.4,117.9,-149.1
58864,61,34.9812688,-116.7896839,18439.0,60360,197.16,403.76,0.704,-8.7,266.53,265.95,-0.8,-2.76,-0.20,-56.06,463.53,-34.57,70.49,317.0,10.8,277.4,66.6,21.3,117.9,-149.0
58865,61,34.9811431,-116.7918281,18429.0,60325,196.97,403.89,0.704,-9.1,266.43,265.95,-0.6,-2.85,-0.13,-56.37,462.65,-34.85,70.61,318.0,10.9,275.3,66.6,21.2,117.9,-148.9
58866,61,34.9810167,-116.7939728,18419.0,60282,196.84,403.51,0.704,-9.5,266.28,265.95,-0.5,-2.82,-0.29,-56.71,461.66,-35.27,70.74,316.8,10.8,272.4,66.6,21.3,117.9,-148.8
58867,61,34.9808907,-116.7961137,18409.0,60250,196.71,402.84,0.703,-9.9,266.20,265.96,-0.4,-2.89,-0.31,-56.50,461.90,-35.07,70.86,318.1,10.6,270.7,66.6,21.3,117.9,-148.8
58868,61,34.9807661,-116.7982533,18399.0,60222,196.58,403.33,0.704,-10.0,266.14,265.96,-0.4,-2.92,-0.27,-57.03,460.61,-35.58,70.94,318.1,10.9,269.4,66.6,21.3,117.9,-148.7
58869,61,34.9806411,-116.8003929,18389.0,60182,196.52,402.89,0.704,-10.0,266.06,265.96,-0.3,-2.81,-0.26,-57.10,460.20,-35.68,71.08,317.5,10.8,267.9,66.6,21.3,117.9,-148.6
58870,61,34.9805159,-116.8025321,18378.0,60152,196.39,402.22,0.703,-10.3,265.95,265.95,-0.1,-2.88,-0.27,-57.18,459.86,-35.83,71.18,318.5,10.5,266.0,66.6,21.3,117.9,-148.5
58871,61,34.9803921,-116.8046694,18368.0,60122,196.26,401.98,0.703,-10.4,265.80,265.95,0.0,-2.99,-0.27,-57.18,459.65,-35.85,71.28,317.5,10.6,262.9,66.6,21.2,117.9,-148.4
58872,61,34.9802689,-116.8068046,18358.0,60090,196.13,401.26,0.702,-10.4,265.61,265.96,0.2,-3.06,-0.25,-57.70,458.34,-36.48,71.40,317.5,10.4,259.0,66.6,21.2,117.9,-148.2
58873,61,34.9801450,-116.8089382,18346.0,60052,196.07,400.15,0.700,-10.5,265.45,265.96,0.3,-3.17,-0.30,-57.49,458.53,-36.36,71.54,317.5,9.9,255.4,66.6,21.1,117.9,-148.1
58874,61,34.9800193,-116.8110717,18335.0,60010,195.94,399.19,0.699,-10.8,265.35,265.96,0.5,-3.38,-0.26,-57.68,457.88,-36.65,71.67,317.6,9.7,252.8,66.6,20.9,117.9,-148.0
58875,61,34.9798946,-116.8132043,18323.0,59980,195.87,398.53,0.697,-11.2,265.24,265.96,0.6,-3.65,-0.22,-57.95,457.10,-37.02,71.79,318.0,9.5,250.2,66.6,20.7,117.9,-147.9
58876,61,34.9797673,-116.8153383,18310.0,59937,195.81,398.39,0.697,-11.7,265.12,265.95,0.7,-3.88,-0.30,-57.88,457.00,-36.95,71.93,317.2,9.6,247.8,66.6,20.5,117.9,-147.9
58877,61,34.9796413,-116.8174720,18297.0,59885,195.75,398.08,0.697,-12.3,265.03,265.96,0.7,-3.97,-0.35,-57.94,456.54,-37.04,72.11,319.1,9.6,245.8,66.6,20.5,117.9,-147.8
58878,61,34.9795139,-116.8196054,18283.0,59835,195.75,398.08,0.696,-13.2,264.96,265.95,0.8,-4.09,-0.30,-57.67,456.79,-36.77,72.28,318.1,9.7,244.5,66.6,20.3,117.9,-147.8
58879,61,34.9793878,-116.8217403,18268.0,59792,195.81,397.64,0.696,-13.9,264.90,265.95,0.9,-4.24,-0.26,-57.86,456.12,-37.00,72.43,318.5,9.5,242.8,66.6,20.2,117.9,-147.7
58880,61,34.9792615,-116.8238760,18253.0,59737,195.87,396.95,0.695,-14.5,264.83,265.94,0.9,-4.35,-0.24,-57.54,456.47,-36.73,72.62,319.5,9.2,240.5,66.6,20.1,117.9,-147.7
58881,61,34.9791360,-116.8260131,18238.0,59680,195.94,396.64,0.694,-15.2,264.74,265.94,1.0,-4.59,-0.28,-57.59,455.99,-36.82,72.82,319.0,9.1,238.2,66.6,19.9,117.9,-147.7
58882,61,34.9790109,-116.8281511,18221.0,59622,196.00,396.00,0.693,-15.8,264.69,265.93,1.1,-4.74,-0.34,-57.64,455.53,-36.95,73.03,318.7,8.8,236.0,66.6,19.8,117.9,-147.7
58883,61,34.9788851,-116.8302902,18204.0,59567,196.13,395.51,0.692,-16.2,264.66,265.92,1.1,-4.86,-0.23,-57.17,456.18,-36.51,73.21,319.4,8.6,234.3,66.6,19.7,117.9,-147.6
58884,61,34.9787611,-116.8324299,18187.0,59510,196.32,394.51,0.690,-16.9,264.67,265.92,1.1,-5.10,-0.27,-57.51,455.11,-37.00,73.42,319.5,7.9,231.9,66.6,19.5,117.9,-147.7
58885,61,34.9786350,-116.8345736,18169.0,59452,196.45,393.26,0.688,-17.6,264.67,265.91,1.1,-5.39,-0.28,-57.25,455.30,-36.83,73.62,319.7,7.3,228.9,66.6,19.3,117.9,-147.7
58886,61,34.9785092,-116.8367190,18150.0,59392,196.71,392.50,0.686,-18.1,264.63,265.90,1.1,-5.75,-0.22,-57.21,454.98,-36.88,73.84,320.4,6.8,225.0,66.6,18.9,117.9,-147.7
58887,61,34.9783793,-116.8388678,18129.0,59322,196.90,392.09,0.686,-18.9,264.61,265.90,1.1,-6.03,-0.15,-57.19,454.62,-36.88,74.08,319.6,6.6,222.2,66.6,18.7,117.9,-147.7
58888,61,34.9782516,-116.8410216,18108.0,59247,197.22,391.55,0.684,-19.8,264.61,265.89,1.1,-6.27,-0.16,-57.36,453.78,-37.15,74.35,321.0,6.1,218.6,66.6,18.5,117.9,-147.8
58889,61,34.9781226,-116.8431794,18086.0,59172,197.55,390.16,0.682,-20.8,264.67,265.88,1.0,-6.48,-0.32,-57.37,453.30,-37.29,74.62,321.1,5.3,212.2,66.6,18.4,117.9,-147.9
58890,61,34.9779932,-116.8453417,18064.0,59105,197.93,390.78,0.683,-21.6,264.72,265.88,1.0,-6.75,-0.23,-57.42,452.78,-37.29,74.86,320.0,5.1,212.7,66.6,18.1,117.9,-148.0
58891,61,34.9778630,-116.8475081,18040.0,59017,198.32,390.92,0.683,-22.3,264.73,265.87,1.0,-6.86,-0.13,-57.44,452.18,-37.29,75.18,321.5,4.9,210.3,66.6,17.9,117.9,-148.0
58892,61,34.9777334,-116.8496813,18016.0,58940,198.77,392.53,0.686,-23.2,264.68,265.86,1.0,-6.81,-0.20,-57.50,451.57,-37.19,75.47,320.9,5.2,212.6,66.6,18.0,117.9,-148.0
58893,61,34.9776059,-116.8518604,17991.0,58835,199.22,394.14,0.689,-24.2,264.58,265.86,1.1,-6.35,-0.25,-57.42,451.09,-36.92,75.84,322.4,5.7,213.6,66.6,18.4,117.9,-147.8
58894,61,34.9774758,-116.8540482,17968.0,58752,199.80,394.72,0.690,-24.6,264.48,265.87,1.2,-5.90,-0.25,-57.43,450.54,-36.90,76.14,321.1,5.9,208.9,66.6,18.8,117.9,-147.6
58895,61,34.9773463,-116.8562414,17945.0,58670,200.38,395.16,0.690,-24.3,264.44,265.86,1.3,-5.60,-0.19,-57.23,450.45,-36.66,76.45,321.5,5.8,205.2,66.6,19.1,117.9,-147.5
58896,61,34.9772166,-116.8584370,17924.0,58610,201.02,395.51,0.691,-22.9,264.38,265.86,1.3,-5.44,-0.19,-56.88,450.82,-36.24,76.67,322.1,5.8,200.2,66.6,19.2,117.9,-147.4
58897,61,34.9770836,-116.8606366,17903.0,58545,201.53,396.90,0.694,-21.5,264.37,265.86,1.3,-5.26,-0.23,-57.34,449.45,-36.58,76.90,322.5,5.9,201.7,66.6,19.4,117.9,-147.4
58898,61,34.9769513,-116.8628398,17884.0,58480,201.98,398.03,0.695,-20.5,264.27,265.86,1.4,-4.85,-0.12,-57.10,449.56,-36.22,77.14,322.8,6.3,201.2,66.6,19.7,117.9,-147.2
58899,61,34.9768185,-116.8650456,17866.0,58405,202.31,398.59,0.696,-19.8,264.12,265.85,1.6,-4.47,-0.12,-56.95,449.40,-36.02,77.43,323.0,6.7,199.1,66.6,20.0,117.9,-146.9
58900,61,34.9766883,-116.8672562,17849.0,58340,202.63,398.59,0.696,-18.9,264.07,265.86,1.6,-4.25,-0.26,-56.58,449.77,-35.60,77.67,323.9,6.8,195.8,66.6,20.3,117.9,-146.9
58901,61,34.9765556,-116.8694676,17833.0,58295,202.95,399.08,0.697,-17.5,264.09,265.87,1.6,-4.18,-0.18,-56.64,449.37,-35.63,77.84,323.3,6.8,195.3,66.6,20.3,117.9,-146.9
58902,61,34.9764242,-116.8716814,17819.0,58252,203.14,399.97,0.698,-16.0,264.11,265.87,1.6,-4.08,-0.30,-56.83,448.72,-35.75,77.99,324.0,6.8,197.7,66.6,20.4,117.9,-146.9
58903,61,34.9762916,-116.8738965,17804.0,58207,203.27,399.81,0.697,-15.1,264.07,265.86,1.6,-3.99,-0.27,-56.30,449.50,-35.22,78.17,323.9,6.8,195.6,66.6,20.5,117.9,-146.9
